,GC Util,GCInterval,JVM,Time,benchmark,heapSize,numThreads
0,0.0,100.0,JDK2-3-2,0.0,avrora,100.0,100.0
1,0.0,100.0,JDK2-3-2,0.0,avrora,100.0,100.0
2,99.0,100.0,JDK2-3-2,792.0,avrora,100.0,100.0
3,99.0,100.0,JDK2-3-2,792.0,avrora,100.0,100.0
4,47.0,100.0,JDK2-3-2,1910.0,avrora,100.0,100.0
5,47.0,100.0,JDK2-3-2,1910.0,avrora,100.0,100.0
6,103.0,100.0,JDK2-3-2,3899.0,avrora,100.0,100.0
7,103.0,100.0,JDK2-3-2,3899.0,avrora,100.0,100.0
8,172.0,100.0,JDK2-3-2,4538.0,avrora,100.0,100.0
9,172.0,100.0,JDK2-3-2,4538.0,avrora,100.0,100.0
10,41.0,100.0,JDK2-3-2,5153.0,avrora,100.0,100.0
11,41.0,100.0,JDK2-3-2,5153.0,avrora,100.0,100.0
12,57.0,100.0,JDK2-3-2,6469.0,avrora,100.0,100.0
13,57.0,100.0,JDK2-3-2,6469.0,avrora,100.0,100.0
14,35.0,100.0,JDK2-3-2,7134.0,avrora,100.0,100.0
15,35.0,100.0,JDK2-3-2,7134.0,avrora,100.0,100.0
16,125.0,100.0,JDK2-3-2,7788.0,avrora,100.0,100.0
17,125.0,100.0,JDK2-3-2,7788.0,avrora,100.0,100.0
18,55.0,100.0,JDK2-3-2,9065.0,avrora,100.0,100.0
19,55.0,100.0,JDK2-3-2,9065.0,avrora,100.0,100.0
20,0.0,100.0,JDK2-3-2,0.0,avrora,100.0,100.0
21,0.0,100.0,JDK2-3-2,0.0,avrora,100.0,100.0
22,42.0,100.0,JDK2-3-2,826.0,avrora,100.0,12.5
23,42.0,100.0,JDK2-3-2,826.0,avrora,100.0,12.5
24,26.0,100.0,JDK2-3-2,1923.0,avrora,100.0,100.0
25,26.0,100.0,JDK2-3-2,1923.0,avrora,100.0,100.0
26,37.0,100.0,JDK2-3-2,3786.0,avrora,100.0,100.0
27,37.0,100.0,JDK2-3-2,3786.0,avrora,100.0,100.0
28,90.0,100.0,JDK2-3-2,4407.0,avrora,100.0,100.0
29,90.0,100.0,JDK2-3-2,4407.0,avrora,100.0,100.0
30,36.0,100.0,JDK2-3-2,5039.0,avrora,100.0,100.0
31,36.0,100.0,JDK2-3-2,5039.0,avrora,100.0,100.0
32,116.0,100.0,JDK2-3-2,6319.0,avrora,100.0,100.0
33,116.0,100.0,JDK2-3-2,6319.0,avrora,100.0,100.0
34,127.0,100.0,JDK2-3-2,6987.0,avrora,100.0,100.0
35,127.0,100.0,JDK2-3-2,6987.0,avrora,100.0,100.0
36,101.0,100.0,JDK2-3-2,7612.0,avrora,100.0,100.0
37,101.0,100.0,JDK2-3-2,7612.0,avrora,100.0,100.0
38,110.0,100.0,JDK2-3-2,8897.0,avrora,100.0,100.0
39,110.0,100.0,JDK2-3-2,8897.0,avrora,100.0,100.0
40,0.0,100.0,JDK2-3-2,0.0,avrora,100.0,100.0
41,0.0,100.0,JDK2-3-2,0.0,avrora,100.0,100.0
42,0.0,100.0,JDK2-3-2,806.0,avrora,100.0,100.0
43,0.0,100.0,JDK2-3-2,806.0,avrora,100.0,100.0
44,46.0,100.0,JDK2-3-2,1894.0,avrora,100.0,100.0
45,46.0,100.0,JDK2-3-2,1894.0,avrora,100.0,100.0
46,39.0,100.0,JDK2-3-2,4099.0,avrora,100.0,100.0
47,39.0,100.0,JDK2-3-2,4099.0,avrora,100.0,100.0
48,91.0,100.0,JDK2-3-2,4748.0,avrora,100.0,100.0
49,91.0,100.0,JDK2-3-2,4748.0,avrora,100.0,100.0
50,30.0,100.0,JDK2-3-2,5384.0,avrora,100.0,100.0
51,30.0,100.0,JDK2-3-2,5384.0,avrora,100.0,100.0
52,130.0,100.0,JDK2-3-2,6702.0,avrora,100.0,100.0
53,130.0,100.0,JDK2-3-2,6702.0,avrora,100.0,100.0
54,50.0,100.0,JDK2-3-2,7325.0,avrora,100.0,100.0
55,50.0,100.0,JDK2-3-2,7325.0,avrora,100.0,100.0
56,116.0,100.0,JDK2-3-2,7971.0,avrora,100.0,100.0
57,116.0,100.0,JDK2-3-2,7971.0,avrora,100.0,100.0
58,112.0,100.0,JDK2-3-2,9189.0,avrora,100.0,100.0
59,112.0,100.0,JDK2-3-2,9189.0,avrora,100.0,100.0
60,0.0,0.0,JDK2-3-2,0.0,avrora,100.0,100.0
61,0.0,100.0,JDK2-3-2,0.0,avrora,100.0,100.0
62,0.0,100.0,JDK2-3-2,0.0,avrora,100.0,100.0
63,77.0,100.0,JDK2-3-2,545.0,avrora,100.0,100.0
64,77.0,100.0,JDK2-3-2,545.0,avrora,100.0,100.0
65,35.0,100.0,JDK2-3-2,1729.0,avrora,100.0,100.0
66,35.0,100.0,JDK2-3-2,1729.0,avrora,100.0,100.0
67,39.0,100.0,JDK2-3-2,3999.0,avrora,100.0,100.0
68,39.0,100.0,JDK2-3-2,3999.0,avrora,100.0,100.0
69,115.0,100.0,JDK2-3-2,4715.0,avrora,100.0,100.0
70,115.0,100.0,JDK2-3-2,4715.0,avrora,100.0,100.0
71,75.0,100.0,JDK2-3-2,5401.0,avrora,100.0,100.0
72,75.0,100.0,JDK2-3-2,5401.0,avrora,100.0,100.0
73,134.0,100.0,JDK2-3-2,6622.0,avrora,100.0,100.0
74,134.0,100.0,JDK2-3-2,6622.0,avrora,100.0,100.0
75,142.0,100.0,JDK2-3-2,7301.0,avrora,100.0,100.0
76,142.0,100.0,JDK2-3-2,7301.0,avrora,100.0,100.0
77,122.0,100.0,JDK2-3-2,7982.0,avrora,100.0,100.0
78,122.0,100.0,JDK2-3-2,7982.0,avrora,100.0,100.0
79,0.0,100.0,JDK2-3-2,0.0,avrora,100.0,100.0
80,0.0,100.0,JDK2-3-2,0.0,avrora,100.0,100.0
81,51.0,100.0,JDK2-3-2,769.0,avrora,100.0,12.5
82,51.0,100.0,JDK2-3-2,769.0,avrora,100.0,12.5
83,25.0,100.0,JDK2-3-2,1925.0,avrora,100.0,100.0
84,25.0,100.0,JDK2-3-2,1925.0,avrora,100.0,100.0
85,28.0,100.0,JDK2-3-2,4313.0,avrora,100.0,100.0
86,28.0,100.0,JDK2-3-2,4313.0,avrora,100.0,100.0
87,77.0,100.0,JDK2-3-2,5015.0,avrora,100.0,100.0
88,77.0,100.0,JDK2-3-2,5015.0,avrora,100.0,100.0
89,17.0,100.0,JDK2-3-2,5688.0,avrora,100.0,100.0
90,17.0,100.0,JDK2-3-2,5688.0,avrora,100.0,100.0
91,90.0,100.0,JDK2-3-2,7068.0,avrora,100.0,100.0
92,90.0,100.0,JDK2-3-2,7068.0,avrora,100.0,100.0
93,52.0,100.0,JDK2-3-2,7743.0,avrora,100.0,100.0
94,52.0,100.0,JDK2-3-2,7743.0,avrora,100.0,100.0
95,111.0,100.0,JDK2-3-2,8434.0,avrora,100.0,100.0
96,111.0,100.0,JDK2-3-2,8434.0,avrora,100.0,100.0
97,0.0,100.0,JDK2-3-2,0.0,avrora,100.0,100.0
98,0.0,100.0,JDK2-3-2,0.0,avrora,100.0,100.0
99,47.0,100.0,JDK2-3-2,794.0,avrora,100.0,12.5
100,47.0,100.0,JDK2-3-2,794.0,avrora,100.0,12.5
101,28.0,100.0,JDK2-3-2,1979.0,avrora,100.0,100.0
102,28.0,100.0,JDK2-3-2,1979.0,avrora,100.0,100.0
103,115.0,100.0,JDK2-3-2,4098.0,avrora,100.0,100.0
104,115.0,100.0,JDK2-3-2,4098.0,avrora,100.0,100.0
105,56.0,100.0,JDK2-3-2,4802.0,avrora,100.0,100.0
106,56.0,100.0,JDK2-3-2,4802.0,avrora,100.0,100.0
107,0.0,100.0,JDK2-3-2,5462.0,avrora,100.0,100.0
108,0.0,100.0,JDK2-3-2,5462.0,avrora,100.0,100.0
109,106.0,100.0,JDK2-3-2,6817.0,avrora,100.0,100.0
110,106.0,100.0,JDK2-3-2,6817.0,avrora,100.0,100.0
111,53.0,100.0,JDK2-3-2,7474.0,avrora,100.0,100.0
112,53.0,100.0,JDK2-3-2,7474.0,avrora,100.0,100.0
113,106.0,100.0,JDK2-3-2,8109.0,avrora,100.0,100.0
114,106.0,100.0,JDK2-3-2,8109.0,avrora,100.0,100.0
115,46.0,100.0,JDK2-3-2,9424.0,avrora,100.0,100.0
116,46.0,100.0,JDK2-3-2,9424.0,avrora,100.0,100.0
117,0.0,100.0,JDK2-3-2,0.0,avrora,100.0,100.0
118,0.0,100.0,JDK2-3-2,0.0,avrora,100.0,100.0
119,0.0,100.0,JDK2-3-2,828.0,avrora,100.0,100.0
120,0.0,100.0,JDK2-3-2,828.0,avrora,100.0,100.0
121,27.0,100.0,JDK2-3-2,2076.0,avrora,100.0,100.0
122,27.0,100.0,JDK2-3-2,2076.0,avrora,100.0,100.0
123,29.0,100.0,JDK2-3-2,4192.0,avrora,100.0,100.0
124,29.0,100.0,JDK2-3-2,4192.0,avrora,100.0,100.0
125,3.0,100.0,JDK2-3-2,4877.0,avrora,100.0,100.0
126,3.0,100.0,JDK2-3-2,4877.0,avrora,100.0,100.0
127,26.0,100.0,JDK2-3-2,5504.0,avrora,100.0,100.0
128,26.0,100.0,JDK2-3-2,5504.0,avrora,100.0,100.0
129,65.0,100.0,JDK2-3-2,6803.0,avrora,100.0,100.0
130,65.0,100.0,JDK2-3-2,6803.0,avrora,100.0,100.0
131,36.0,100.0,JDK2-3-2,7431.0,avrora,100.0,100.0
132,36.0,100.0,JDK2-3-2,7431.0,avrora,100.0,100.0
133,65.0,100.0,JDK2-3-2,8101.0,avrora,100.0,100.0
134,65.0,100.0,JDK2-3-2,8101.0,avrora,100.0,100.0
135,66.0,100.0,JDK2-3-2,9363.0,avrora,100.0,100.0
136,66.0,100.0,JDK2-3-2,9363.0,avrora,100.0,100.0
137,0.0,100.0,JDK2-3-2,0.0,avrora,100.0,100.0
138,0.0,100.0,JDK2-3-2,0.0,avrora,100.0,100.0
139,78.0,100.0,JDK2-3-2,826.0,avrora,100.0,100.0
140,78.0,100.0,JDK2-3-2,826.0,avrora,100.0,100.0
141,35.0,100.0,JDK2-3-2,1878.0,avrora,100.0,100.0
142,35.0,100.0,JDK2-3-2,1878.0,avrora,100.0,100.0
143,35.0,100.0,JDK2-3-2,3867.0,avrora,100.0,100.0
144,35.0,100.0,JDK2-3-2,3867.0,avrora,100.0,100.0
145,139.0,100.0,JDK2-3-2,4564.0,avrora,100.0,100.0
146,139.0,100.0,JDK2-3-2,4564.0,avrora,100.0,100.0
147,35.0,100.0,JDK2-3-2,5195.0,avrora,100.0,100.0
148,35.0,100.0,JDK2-3-2,5195.0,avrora,100.0,100.0
149,136.0,100.0,JDK2-3-2,6563.0,avrora,100.0,100.0
150,136.0,100.0,JDK2-3-2,6563.0,avrora,100.0,100.0
151,81.0,100.0,JDK2-3-2,7181.0,avrora,100.0,100.0
152,81.0,100.0,JDK2-3-2,7181.0,avrora,100.0,100.0
153,0.0,100.0,JDK2-3-2,7819.0,avrora,100.0,100.0
154,0.0,100.0,JDK2-3-2,7819.0,avrora,100.0,100.0
155,130.0,100.0,JDK2-3-2,9079.0,avrora,100.0,100.0
156,130.0,100.0,JDK2-3-2,9079.0,avrora,100.0,100.0
157,0.0,100.0,JDK2-3-2,0.0,avrora,100.0,100.0
158,0.0,100.0,JDK2-3-2,0.0,avrora,100.0,100.0
159,0.0,100.0,JDK2-3-2,794.0,avrora,100.0,100.0
160,0.0,100.0,JDK2-3-2,794.0,avrora,100.0,100.0
161,38.0,100.0,JDK2-3-2,1914.0,avrora,100.0,100.0
162,38.0,100.0,JDK2-3-2,1914.0,avrora,100.0,100.0
163,33.0,100.0,JDK2-3-2,4101.0,avrora,100.0,100.0
164,33.0,100.0,JDK2-3-2,4101.0,avrora,100.0,100.0
165,87.0,100.0,JDK2-3-2,4764.0,avrora,100.0,100.0
166,87.0,100.0,JDK2-3-2,4764.0,avrora,100.0,100.0
167,29.0,100.0,JDK2-3-2,5393.0,avrora,100.0,100.0
168,29.0,100.0,JDK2-3-2,5393.0,avrora,100.0,100.0
169,107.0,100.0,JDK2-3-2,6710.0,avrora,100.0,100.0
170,107.0,100.0,JDK2-3-2,6710.0,avrora,100.0,100.0
171,40.0,100.0,JDK2-3-2,7341.0,avrora,100.0,100.0
172,40.0,100.0,JDK2-3-2,7341.0,avrora,100.0,100.0
173,85.0,100.0,JDK2-3-2,7972.0,avrora,100.0,100.0
174,85.0,100.0,JDK2-3-2,7972.0,avrora,100.0,100.0
175,105.0,100.0,JDK2-3-2,9245.0,avrora,100.0,100.0
176,105.0,100.0,JDK2-3-2,9245.0,avrora,100.0,100.0
177,0.0,100.0,JDK2-3-2,0.0,avrora,100.0,100.0
178,0.0,100.0,JDK2-3-2,0.0,avrora,100.0,100.0
179,46.0,100.0,JDK2-3-2,832.0,avrora,100.0,12.5
180,46.0,100.0,JDK2-3-2,832.0,avrora,100.0,12.5
181,30.0,100.0,JDK2-3-2,1867.0,avrora,100.0,100.0
182,30.0,100.0,JDK2-3-2,1867.0,avrora,100.0,100.0
183,36.0,100.0,JDK2-3-2,3803.0,avrora,100.0,100.0
184,36.0,100.0,JDK2-3-2,3803.0,avrora,100.0,100.0
185,85.0,100.0,JDK2-3-2,4423.0,avrora,100.0,100.0
186,85.0,100.0,JDK2-3-2,4423.0,avrora,100.0,100.0
187,25.0,100.0,JDK2-3-2,5029.0,avrora,100.0,100.0
188,25.0,100.0,JDK2-3-2,5029.0,avrora,100.0,100.0
189,89.0,100.0,JDK2-3-2,6207.0,avrora,100.0,100.0
190,89.0,100.0,JDK2-3-2,6207.0,avrora,100.0,100.0
191,71.0,100.0,JDK2-3-2,6844.0,avrora,100.0,100.0
192,71.0,100.0,JDK2-3-2,6844.0,avrora,100.0,100.0
193,88.0,100.0,JDK2-3-2,7443.0,avrora,100.0,100.0
194,88.0,100.0,JDK2-3-2,7443.0,avrora,100.0,100.0
195,89.0,100.0,JDK2-3-2,8708.0,avrora,100.0,100.0
196,89.0,100.0,JDK2-3-2,8708.0,avrora,100.0,100.0
197,0.0,100.0,JDK2-3-2,0.0,avrora,100.0,100.0
198,0.0,100.0,JDK2-3-2,0.0,avrora,100.0,100.0
199,48.0,100.0,JDK2-3-2,789.0,avrora,100.0,12.5
200,48.0,100.0,JDK2-3-2,789.0,avrora,100.0,12.5
201,26.0,100.0,JDK2-3-2,2039.0,avrora,100.0,100.0
202,26.0,100.0,JDK2-3-2,2039.0,avrora,100.0,100.0
203,34.0,100.0,JDK2-3-2,3971.0,avrora,100.0,100.0
204,34.0,100.0,JDK2-3-2,3971.0,avrora,100.0,100.0
205,89.0,100.0,JDK2-3-2,4636.0,avrora,100.0,100.0
206,89.0,100.0,JDK2-3-2,4636.0,avrora,100.0,100.0
207,33.0,100.0,JDK2-3-2,5274.0,avrora,100.0,100.0
208,33.0,100.0,JDK2-3-2,5274.0,avrora,100.0,100.0
209,85.0,100.0,JDK2-3-2,6553.0,avrora,100.0,100.0
210,85.0,100.0,JDK2-3-2,6553.0,avrora,100.0,100.0
211,89.0,100.0,JDK2-3-2,7174.0,avrora,100.0,100.0
212,89.0,100.0,JDK2-3-2,7174.0,avrora,100.0,100.0
213,76.0,100.0,JDK2-3-2,7790.0,avrora,100.0,12.5
214,76.0,100.0,JDK2-3-2,7790.0,avrora,100.0,12.5
215,0.0,100.0,JDK2-3-2,0.0,avrora,100.0,100.0
216,0.0,100.0,JDK2-3-2,0.0,avrora,100.0,100.0
217,46.0,100.0,JDK2-3-2,814.0,avrora,100.0,100.0
218,46.0,100.0,JDK2-3-2,814.0,avrora,100.0,100.0
219,30.0,100.0,JDK2-3-2,2167.0,avrora,100.0,100.0
220,30.0,100.0,JDK2-3-2,2167.0,avrora,100.0,100.0
221,113.0,100.0,JDK2-3-2,4275.0,avrora,100.0,100.0
222,113.0,100.0,JDK2-3-2,4275.0,avrora,100.0,100.0
223,53.0,100.0,JDK2-3-2,4916.0,avrora,100.0,100.0
224,53.0,100.0,JDK2-3-2,4916.0,avrora,100.0,100.0
225,79.0,100.0,JDK2-3-2,5542.0,avrora,100.0,100.0
226,79.0,100.0,JDK2-3-2,5542.0,avrora,100.0,100.0
227,95.0,100.0,JDK2-3-2,6832.0,avrora,100.0,100.0
228,95.0,100.0,JDK2-3-2,6832.0,avrora,100.0,100.0
229,125.0,100.0,JDK2-3-2,7129.0,avrora,100.0,100.0
230,125.0,100.0,JDK2-3-2,7129.0,avrora,100.0,100.0
231,138.0,100.0,JDK2-3-2,7408.0,avrora,100.0,100.0
232,138.0,100.0,JDK2-3-2,7408.0,avrora,100.0,100.0
233,52.0,100.0,JDK2-3-2,8070.0,avrora,100.0,100.0
234,52.0,100.0,JDK2-3-2,8070.0,avrora,100.0,100.0
235,48.0,100.0,JDK2-3-2,8390.0,avrora,100.0,100.0
236,48.0,100.0,JDK2-3-2,8390.0,avrora,100.0,100.0
237,149.0,100.0,JDK2-3-2,8663.0,avrora,100.0,100.0
238,149.0,100.0,JDK2-3-2,8663.0,avrora,100.0,100.0
239,148.0,100.0,JDK2-3-2,9286.0,avrora,100.0,100.0
240,148.0,100.0,JDK2-3-2,9286.0,avrora,100.0,100.0
241,115.0,100.0,JDK2-3-2,9581.0,avrora,100.0,100.0
242,115.0,100.0,JDK2-3-2,9581.0,avrora,100.0,100.0
243,0.0,100.0,JDK2-3-2,0.0,avrora,100.0,100.0
244,0.0,100.0,JDK2-3-2,0.0,avrora,100.0,100.0
245,87.0,100.0,JDK2-3-2,807.0,avrora,100.0,100.0
246,87.0,100.0,JDK2-3-2,807.0,avrora,100.0,100.0
247,40.0,100.0,JDK2-3-2,2027.0,avrora,100.0,100.0
248,40.0,100.0,JDK2-3-2,2027.0,avrora,100.0,100.0
249,36.0,100.0,JDK2-3-2,4089.0,avrora,100.0,100.0
250,36.0,100.0,JDK2-3-2,4089.0,avrora,100.0,100.0
251,163.0,100.0,JDK2-3-2,4776.0,avrora,100.0,100.0
252,163.0,100.0,JDK2-3-2,4776.0,avrora,100.0,100.0
253,44.0,100.0,JDK2-3-2,5418.0,avrora,100.0,100.0
254,44.0,100.0,JDK2-3-2,5418.0,avrora,100.0,100.0
255,145.0,100.0,JDK2-3-2,6742.0,avrora,100.0,100.0
256,145.0,100.0,JDK2-3-2,6742.0,avrora,100.0,100.0
257,80.0,100.0,JDK2-3-2,7413.0,avrora,100.0,100.0
258,80.0,100.0,JDK2-3-2,7413.0,avrora,100.0,100.0
259,124.0,100.0,JDK2-3-2,8111.0,avrora,100.0,100.0
260,124.0,100.0,JDK2-3-2,8111.0,avrora,100.0,100.0
261,0.0,100.0,JDK2-3-2,0.0,avrora,100.0,100.0
262,0.0,100.0,JDK2-3-2,0.0,avrora,100.0,100.0
263,52.0,100.0,JDK2-3-2,802.0,avrora,100.0,12.5
264,52.0,100.0,JDK2-3-2,802.0,avrora,100.0,12.5
265,25.0,100.0,JDK2-3-2,1909.0,avrora,100.0,100.0
266,25.0,100.0,JDK2-3-2,1909.0,avrora,100.0,100.0
267,32.0,100.0,JDK2-3-2,4142.0,avrora,100.0,100.0
268,32.0,100.0,JDK2-3-2,4142.0,avrora,100.0,100.0
269,91.0,100.0,JDK2-3-2,4844.0,avrora,100.0,100.0
270,91.0,100.0,JDK2-3-2,4844.0,avrora,100.0,100.0
271,29.0,100.0,JDK2-3-2,5515.0,avrora,100.0,100.0
272,29.0,100.0,JDK2-3-2,5515.0,avrora,100.0,100.0
273,77.0,100.0,JDK2-3-2,6856.0,avrora,100.0,100.0
274,77.0,100.0,JDK2-3-2,6856.0,avrora,100.0,100.0
275,56.0,100.0,JDK2-3-2,7534.0,avrora,100.0,100.0
276,56.0,100.0,JDK2-3-2,7534.0,avrora,100.0,100.0
277,71.0,100.0,JDK2-3-2,8229.0,avrora,100.0,100.0
278,71.0,100.0,JDK2-3-2,8229.0,avrora,100.0,100.0
279,69.0,100.0,JDK2-3-2,9633.0,avrora,100.0,100.0
280,69.0,100.0,JDK2-3-2,9633.0,avrora,100.0,100.0
281,0.0,100.0,JDK2-3-2,0.0,avrora,100.0,100.0
282,0.0,100.0,JDK2-3-2,0.0,avrora,100.0,100.0
283,45.0,100.0,JDK2-3-2,811.0,avrora,100.0,12.5
284,45.0,100.0,JDK2-3-2,811.0,avrora,100.0,12.5
285,33.0,100.0,JDK2-3-2,2130.0,avrora,100.0,100.0
286,33.0,100.0,JDK2-3-2,2130.0,avrora,100.0,100.0
287,34.0,100.0,JDK2-3-2,4046.0,avrora,100.0,100.0
288,34.0,100.0,JDK2-3-2,4046.0,avrora,100.0,100.0
289,93.0,100.0,JDK2-3-2,4668.0,avrora,100.0,100.0
290,93.0,100.0,JDK2-3-2,4668.0,avrora,100.0,100.0
291,80.0,100.0,JDK2-3-2,5328.0,avrora,100.0,100.0
292,80.0,100.0,JDK2-3-2,5328.0,avrora,100.0,100.0
293,127.0,100.0,JDK2-3-2,6602.0,avrora,100.0,100.0
294,127.0,100.0,JDK2-3-2,6602.0,avrora,100.0,100.0
295,105.0,100.0,JDK2-3-2,7208.0,avrora,100.0,100.0
296,105.0,100.0,JDK2-3-2,7208.0,avrora,100.0,100.0
297,120.0,100.0,JDK2-3-2,7820.0,avrora,100.0,100.0
298,120.0,100.0,JDK2-3-2,7820.0,avrora,100.0,100.0
299,46.0,100.0,JDK2-3-2,9076.0,avrora,100.0,100.0
300,46.0,100.0,JDK2-3-2,9076.0,avrora,100.0,100.0
301,0.0,100.0,JDK2-3-2,0.0,avrora,100.0,100.0
302,0.0,100.0,JDK2-3-2,0.0,avrora,100.0,100.0
303,0.0,100.0,JDK2-3-2,826.0,avrora,100.0,100.0
304,0.0,100.0,JDK2-3-2,826.0,avrora,100.0,100.0
305,24.0,100.0,JDK2-3-2,1914.0,avrora,100.0,100.0
306,24.0,100.0,JDK2-3-2,1914.0,avrora,100.0,100.0
307,97.0,100.0,JDK2-3-2,3804.0,avrora,100.0,100.0
308,97.0,100.0,JDK2-3-2,3804.0,avrora,100.0,100.0
309,59.0,100.0,JDK2-3-2,4395.0,avrora,100.0,100.0
310,59.0,100.0,JDK2-3-2,4395.0,avrora,100.0,100.0
311,93.0,100.0,JDK2-3-2,5000.0,avrora,100.0,100.0
312,93.0,100.0,JDK2-3-2,5000.0,avrora,100.0,100.0
313,147.0,100.0,JDK2-3-2,6252.0,avrora,100.0,100.0
314,147.0,100.0,JDK2-3-2,6252.0,avrora,100.0,100.0
315,195.0,100.0,JDK2-3-2,6841.0,avrora,100.0,100.0
316,195.0,100.0,JDK2-3-2,6841.0,avrora,100.0,100.0
317,144.0,100.0,JDK2-3-2,7442.0,avrora,100.0,100.0
318,144.0,100.0,JDK2-3-2,7442.0,avrora,100.0,100.0
319,151.0,100.0,JDK2-3-2,8648.0,avrora,100.0,100.0
320,151.0,100.0,JDK2-3-2,8648.0,avrora,100.0,100.0
0,0.0,100.0,JDK3-2-1,0.0,avrora,100.0,100.0
1,0.0,100.0,JDK3-2-1,0.0,avrora,100.0,100.0
2,71.0,100.0,JDK3-2-1,792.0,avrora,100.0,100.0
3,71.0,100.0,JDK3-2-1,792.0,avrora,100.0,100.0
4,32.0,100.0,JDK3-2-1,1850.0,avrora,100.0,100.0
5,32.0,100.0,JDK3-2-1,1850.0,avrora,100.0,100.0
6,39.0,100.0,JDK3-2-1,4065.0,avrora,100.0,100.0
7,39.0,100.0,JDK3-2-1,4065.0,avrora,100.0,100.0
8,90.0,100.0,JDK3-2-1,4746.0,avrora,100.0,12.5
9,90.0,100.0,JDK3-2-1,4746.0,avrora,100.0,12.5
10,27.0,100.0,JDK3-2-1,5346.0,avrora,100.0,100.0
11,27.0,100.0,JDK3-2-1,5346.0,avrora,100.0,100.0
12,84.0,100.0,JDK3-2-1,6645.0,avrora,100.0,100.0
13,84.0,100.0,JDK3-2-1,6645.0,avrora,100.0,100.0
14,53.0,100.0,JDK3-2-1,7281.0,avrora,100.0,100.0
15,53.0,100.0,JDK3-2-1,7281.0,avrora,100.0,100.0
16,88.0,100.0,JDK3-2-1,7920.0,avrora,100.0,100.0
17,88.0,100.0,JDK3-2-1,7920.0,avrora,100.0,100.0
18,93.0,100.0,JDK3-2-1,9190.0,avrora,100.0,12.5
19,93.0,100.0,JDK3-2-1,9190.0,avrora,100.0,12.5
20,0.0,100.0,JDK3-2-1,0.0,avrora,100.0,100.0
21,0.0,100.0,JDK3-2-1,0.0,avrora,100.0,100.0
22,44.0,100.0,JDK3-2-1,683.0,avrora,100.0,100.0
23,44.0,100.0,JDK3-2-1,683.0,avrora,100.0,100.0
24,38.0,100.0,JDK3-2-1,1706.0,avrora,100.0,100.0
25,38.0,100.0,JDK3-2-1,1706.0,avrora,100.0,100.0
26,41.0,100.0,JDK3-2-1,3912.0,avrora,100.0,100.0
27,41.0,100.0,JDK3-2-1,3912.0,avrora,100.0,100.0
28,87.0,100.0,JDK3-2-1,4621.0,avrora,100.0,100.0
29,87.0,100.0,JDK3-2-1,4621.0,avrora,100.0,100.0
30,34.0,100.0,JDK3-2-1,5318.0,avrora,100.0,100.0
31,34.0,100.0,JDK3-2-1,5318.0,avrora,100.0,100.0
32,110.0,100.0,JDK3-2-1,6689.0,avrora,100.0,100.0
33,110.0,100.0,JDK3-2-1,6689.0,avrora,100.0,100.0
34,51.0,100.0,JDK3-2-1,7341.0,avrora,100.0,100.0
35,51.0,100.0,JDK3-2-1,7341.0,avrora,100.0,100.0
36,104.0,100.0,JDK3-2-1,7953.0,avrora,100.0,100.0
37,104.0,100.0,JDK3-2-1,7953.0,avrora,100.0,100.0
38,0.0,100.0,JDK3-2-1,0.0,avrora,100.0,100.0
39,0.0,100.0,JDK3-2-1,0.0,avrora,100.0,100.0
40,44.0,100.0,JDK3-2-1,895.0,avrora,100.0,100.0
41,44.0,100.0,JDK3-2-1,895.0,avrora,100.0,100.0
42,33.0,100.0,JDK3-2-1,1974.0,avrora,100.0,100.0
43,33.0,100.0,JDK3-2-1,1974.0,avrora,100.0,100.0
44,35.0,100.0,JDK3-2-1,4089.0,avrora,100.0,100.0
45,35.0,100.0,JDK3-2-1,4089.0,avrora,100.0,100.0
46,160.0,100.0,JDK3-2-1,4727.0,avrora,100.0,100.0
47,160.0,100.0,JDK3-2-1,4727.0,avrora,100.0,100.0
48,33.0,100.0,JDK3-2-1,5366.0,avrora,100.0,100.0
49,33.0,100.0,JDK3-2-1,5366.0,avrora,100.0,100.0
50,125.0,100.0,JDK3-2-1,6664.0,avrora,100.0,100.0
51,125.0,100.0,JDK3-2-1,6664.0,avrora,100.0,100.0
52,0.0,100.0,JDK3-2-1,7309.0,avrora,100.0,100.0
53,0.0,100.0,JDK3-2-1,7309.0,avrora,100.0,100.0
54,120.0,100.0,JDK3-2-1,7950.0,avrora,100.0,100.0
55,120.0,100.0,JDK3-2-1,7950.0,avrora,100.0,100.0
56,0.0,100.0,JDK3-2-1,9294.0,avrora,100.0,100.0
57,0.0,100.0,JDK3-2-1,9294.0,avrora,100.0,100.0
58,0.0,100.0,JDK3-2-1,0.0,avrora,100.0,100.0
59,0.0,100.0,JDK3-2-1,0.0,avrora,100.0,100.0
60,62.0,100.0,JDK3-2-1,786.0,avrora,100.0,100.0
61,62.0,100.0,JDK3-2-1,786.0,avrora,100.0,100.0
62,31.0,100.0,JDK3-2-1,1949.0,avrora,100.0,100.0
63,31.0,100.0,JDK3-2-1,1949.0,avrora,100.0,100.0
64,37.0,100.0,JDK3-2-1,4271.0,avrora,100.0,100.0
65,37.0,100.0,JDK3-2-1,4271.0,avrora,100.0,100.0
66,78.0,100.0,JDK3-2-1,4980.0,avrora,100.0,100.0
67,78.0,100.0,JDK3-2-1,4980.0,avrora,100.0,100.0
68,31.0,100.0,JDK3-2-1,5641.0,avrora,100.0,100.0
69,31.0,100.0,JDK3-2-1,5641.0,avrora,100.0,100.0
70,87.0,100.0,JDK3-2-1,6983.0,avrora,100.0,100.0
71,87.0,100.0,JDK3-2-1,6983.0,avrora,100.0,100.0
72,32.0,100.0,JDK3-2-1,7657.0,avrora,100.0,100.0
73,32.0,100.0,JDK3-2-1,7657.0,avrora,100.0,100.0
74,86.0,100.0,JDK3-2-1,8291.0,avrora,100.0,100.0
75,86.0,100.0,JDK3-2-1,8291.0,avrora,100.0,100.0
76,0.0,100.0,JDK3-2-1,0.0,avrora,100.0,100.0
77,0.0,100.0,JDK3-2-1,0.0,avrora,100.0,100.0
78,47.0,100.0,JDK3-2-1,836.0,avrora,100.0,100.0
79,47.0,100.0,JDK3-2-1,836.0,avrora,100.0,100.0
80,40.0,100.0,JDK3-2-1,1895.0,avrora,100.0,100.0
81,40.0,100.0,JDK3-2-1,1895.0,avrora,100.0,100.0
82,39.0,100.0,JDK3-2-1,3877.0,avrora,100.0,100.0
83,39.0,100.0,JDK3-2-1,3877.0,avrora,100.0,100.0
84,89.0,100.0,JDK3-2-1,4492.0,avrora,100.0,100.0
85,89.0,100.0,JDK3-2-1,4492.0,avrora,100.0,100.0
86,32.0,100.0,JDK3-2-1,5115.0,avrora,100.0,100.0
87,32.0,100.0,JDK3-2-1,5115.0,avrora,100.0,100.0
88,101.0,100.0,JDK3-2-1,6356.0,avrora,100.0,100.0
89,101.0,100.0,JDK3-2-1,6356.0,avrora,100.0,100.0
90,50.0,100.0,JDK3-2-1,6979.0,avrora,100.0,100.0
91,50.0,100.0,JDK3-2-1,6979.0,avrora,100.0,100.0
92,94.0,100.0,JDK3-2-1,7587.0,avrora,100.0,100.0
93,94.0,100.0,JDK3-2-1,7587.0,avrora,100.0,100.0
94,129.0,100.0,JDK3-2-1,8781.0,avrora,100.0,12.5
95,129.0,100.0,JDK3-2-1,8781.0,avrora,100.0,12.5
96,0.0,100.0,JDK3-2-1,0.0,avrora,100.0,100.0
97,0.0,100.0,JDK3-2-1,0.0,avrora,100.0,100.0
98,57.0,100.0,JDK3-2-1,847.0,avrora,100.0,100.0
99,57.0,100.0,JDK3-2-1,847.0,avrora,100.0,100.0
100,32.0,100.0,JDK3-2-1,1932.0,avrora,100.0,100.0
101,32.0,100.0,JDK3-2-1,1932.0,avrora,100.0,100.0
102,30.0,100.0,JDK3-2-1,4070.0,avrora,100.0,100.0
103,30.0,100.0,JDK3-2-1,4070.0,avrora,100.0,100.0
104,158.0,100.0,JDK3-2-1,4836.0,avrora,100.0,100.0
105,158.0,100.0,JDK3-2-1,4836.0,avrora,100.0,100.0
106,25.0,100.0,JDK3-2-1,5504.0,avrora,100.0,100.0
107,25.0,100.0,JDK3-2-1,5504.0,avrora,100.0,100.0
108,136.0,100.0,JDK3-2-1,6827.0,avrora,100.0,100.0
109,136.0,100.0,JDK3-2-1,6827.0,avrora,100.0,100.0
110,61.0,100.0,JDK3-2-1,7501.0,avrora,100.0,12.5
111,61.0,100.0,JDK3-2-1,7501.0,avrora,100.0,12.5
112,109.0,100.0,JDK3-2-1,8143.0,avrora,100.0,100.0
113,109.0,100.0,JDK3-2-1,8143.0,avrora,100.0,100.0
114,143.0,100.0,JDK3-2-1,9434.0,avrora,100.0,12.5
115,143.0,100.0,JDK3-2-1,9434.0,avrora,100.0,12.5
116,0.0,100.0,JDK3-2-1,0.0,avrora,100.0,100.0
117,0.0,100.0,JDK3-2-1,0.0,avrora,100.0,100.0
118,68.0,100.0,JDK3-2-1,811.0,avrora,100.0,100.0
119,68.0,100.0,JDK3-2-1,811.0,avrora,100.0,100.0
120,35.0,100.0,JDK3-2-1,1839.0,avrora,100.0,100.0
121,35.0,100.0,JDK3-2-1,1839.0,avrora,100.0,100.0
122,34.0,100.0,JDK3-2-1,3872.0,avrora,100.0,100.0
123,34.0,100.0,JDK3-2-1,3872.0,avrora,100.0,100.0
124,93.0,100.0,JDK3-2-1,4549.0,avrora,100.0,100.0
125,93.0,100.0,JDK3-2-1,4549.0,avrora,100.0,100.0
126,40.0,100.0,JDK3-2-1,5162.0,avrora,100.0,100.0
127,40.0,100.0,JDK3-2-1,5162.0,avrora,100.0,100.0
128,109.0,100.0,JDK3-2-1,6407.0,avrora,100.0,100.0
129,109.0,100.0,JDK3-2-1,6407.0,avrora,100.0,100.0
130,38.0,100.0,JDK3-2-1,7012.0,avrora,100.0,100.0
131,38.0,100.0,JDK3-2-1,7012.0,avrora,100.0,100.0
132,103.0,100.0,JDK3-2-1,7597.0,avrora,100.0,100.0
133,103.0,100.0,JDK3-2-1,7597.0,avrora,100.0,100.0
134,0.0,100.0,JDK3-2-1,0.0,avrora,100.0,100.0
135,0.0,100.0,JDK3-2-1,0.0,avrora,100.0,100.0
136,47.0,100.0,JDK3-2-1,804.0,avrora,100.0,100.0
137,47.0,100.0,JDK3-2-1,804.0,avrora,100.0,100.0
138,41.0,100.0,JDK3-2-1,1977.0,avrora,100.0,100.0
139,41.0,100.0,JDK3-2-1,1977.0,avrora,100.0,100.0
140,37.0,100.0,JDK3-2-1,4133.0,avrora,100.0,100.0
141,37.0,100.0,JDK3-2-1,4133.0,avrora,100.0,100.0
142,91.0,100.0,JDK3-2-1,4775.0,avrora,100.0,100.0
143,91.0,100.0,JDK3-2-1,4775.0,avrora,100.0,100.0
144,31.0,100.0,JDK3-2-1,5400.0,avrora,100.0,100.0
145,31.0,100.0,JDK3-2-1,5400.0,avrora,100.0,100.0
146,88.0,100.0,JDK3-2-1,6665.0,avrora,100.0,100.0
147,88.0,100.0,JDK3-2-1,6665.0,avrora,100.0,100.0
148,55.0,100.0,JDK3-2-1,7284.0,avrora,100.0,100.0
149,55.0,100.0,JDK3-2-1,7284.0,avrora,100.0,100.0
150,88.0,100.0,JDK3-2-1,7911.0,avrora,100.0,100.0
151,88.0,100.0,JDK3-2-1,7911.0,avrora,100.0,100.0
152,85.0,100.0,JDK3-2-1,9141.0,avrora,100.0,12.5
153,85.0,100.0,JDK3-2-1,9141.0,avrora,100.0,12.5
154,0.0,100.0,JDK3-2-1,0.0,avrora,100.0,100.0
155,0.0,100.0,JDK3-2-1,0.0,avrora,100.0,100.0
156,43.0,100.0,JDK3-2-1,830.0,avrora,100.0,100.0
157,43.0,100.0,JDK3-2-1,830.0,avrora,100.0,100.0
158,34.0,100.0,JDK3-2-1,1923.0,avrora,100.0,100.0
159,34.0,100.0,JDK3-2-1,1923.0,avrora,100.0,100.0
160,36.0,100.0,JDK3-2-1,4002.0,avrora,100.0,100.0
161,36.0,100.0,JDK3-2-1,4002.0,avrora,100.0,100.0
162,89.0,100.0,JDK3-2-1,4673.0,avrora,100.0,12.5
163,89.0,100.0,JDK3-2-1,4673.0,avrora,100.0,12.5
164,32.0,100.0,JDK3-2-1,5360.0,avrora,100.0,100.0
165,32.0,100.0,JDK3-2-1,5360.0,avrora,100.0,100.0
166,102.0,100.0,JDK3-2-1,6702.0,avrora,100.0,100.0
167,102.0,100.0,JDK3-2-1,6702.0,avrora,100.0,100.0
168,90.0,100.0,JDK3-2-1,7381.0,avrora,100.0,100.0
169,90.0,100.0,JDK3-2-1,7381.0,avrora,100.0,100.0
170,92.0,100.0,JDK3-2-1,8063.0,avrora,100.0,100.0
171,92.0,100.0,JDK3-2-1,8063.0,avrora,100.0,100.0
172,0.0,100.0,JDK3-2-1,0.0,avrora,100.0,100.0
173,0.0,100.0,JDK3-2-1,0.0,avrora,100.0,100.0
174,58.0,100.0,JDK3-2-1,530.0,avrora,100.0,100.0
175,58.0,100.0,JDK3-2-1,530.0,avrora,100.0,100.0
176,39.0,100.0,JDK3-2-1,1671.0,avrora,100.0,100.0
177,39.0,100.0,JDK3-2-1,1671.0,avrora,100.0,100.0
178,38.0,100.0,JDK3-2-1,3853.0,avrora,100.0,100.0
179,38.0,100.0,JDK3-2-1,3853.0,avrora,100.0,100.0
180,83.0,100.0,JDK3-2-1,4567.0,avrora,100.0,100.0
181,83.0,100.0,JDK3-2-1,4567.0,avrora,100.0,100.0
182,42.0,100.0,JDK3-2-1,5227.0,avrora,100.0,100.0
183,42.0,100.0,JDK3-2-1,5227.0,avrora,100.0,100.0
184,102.0,100.0,JDK3-2-1,6981.0,avrora,100.0,100.0
185,102.0,100.0,JDK3-2-1,6981.0,avrora,100.0,100.0
186,83.0,100.0,JDK3-2-1,8324.0,avrora,100.0,12.5
187,83.0,100.0,JDK3-2-1,8324.0,avrora,100.0,12.5
188,0.0,100.0,JDK3-2-1,0.0,avrora,100.0,100.0
189,0.0,100.0,JDK3-2-1,0.0,avrora,100.0,100.0
190,77.0,100.0,JDK3-2-1,656.0,avrora,100.0,100.0
191,77.0,100.0,JDK3-2-1,656.0,avrora,100.0,100.0
192,33.0,100.0,JDK3-2-1,1604.0,avrora,100.0,100.0
193,33.0,100.0,JDK3-2-1,1604.0,avrora,100.0,100.0
194,116.0,100.0,JDK3-2-1,3798.0,avrora,100.0,100.0
195,116.0,100.0,JDK3-2-1,3798.0,avrora,100.0,100.0
196,97.0,100.0,JDK3-2-1,4452.0,avrora,100.0,100.0
197,97.0,100.0,JDK3-2-1,4452.0,avrora,100.0,100.0
198,94.0,100.0,JDK3-2-1,5112.0,avrora,100.0,100.0
199,94.0,100.0,JDK3-2-1,5112.0,avrora,100.0,100.0
200,141.0,100.0,JDK3-2-1,6438.0,avrora,100.0,12.5
201,141.0,100.0,JDK3-2-1,6438.0,avrora,100.0,12.5
202,422.0,100.0,JDK3-2-1,6754.0,avrora,100.0,100.0
203,422.0,100.0,JDK3-2-1,6754.0,avrora,100.0,100.0
204,127.0,100.0,JDK3-2-1,7095.0,avrora,100.0,100.0
205,127.0,100.0,JDK3-2-1,7095.0,avrora,100.0,100.0
206,125.0,100.0,JDK3-2-1,7743.0,avrora,100.0,100.0
207,125.0,100.0,JDK3-2-1,7743.0,avrora,100.0,100.0
208,149.0,100.0,JDK3-2-1,8401.0,avrora,100.0,12.5
209,149.0,100.0,JDK3-2-1,8401.0,avrora,100.0,12.5
210,0.0,100.0,JDK3-2-1,8963.0,avrora,100.0,100.0
211,0.0,100.0,JDK3-2-1,8963.0,avrora,100.0,100.0
212,0.0,100.0,JDK3-2-1,0.0,avrora,100.0,100.0
213,0.0,100.0,JDK3-2-1,0.0,avrora,100.0,100.0
214,44.0,100.0,JDK3-2-1,825.0,avrora,100.0,100.0
215,44.0,100.0,JDK3-2-1,825.0,avrora,100.0,100.0
216,37.0,100.0,JDK3-2-1,1981.0,avrora,100.0,100.0
217,37.0,100.0,JDK3-2-1,1981.0,avrora,100.0,100.0
218,83.0,100.0,JDK3-2-1,4338.0,avrora,100.0,12.5
219,83.0,100.0,JDK3-2-1,4338.0,avrora,100.0,12.5
220,0.0,100.0,JDK3-2-1,5016.0,avrora,100.0,12.5
221,0.0,100.0,JDK3-2-1,5016.0,avrora,100.0,12.5
222,104.0,100.0,JDK3-2-1,5607.0,avrora,100.0,12.5
223,104.0,100.0,JDK3-2-1,5607.0,avrora,100.0,12.5
224,146.0,100.0,JDK3-2-1,6793.0,avrora,100.0,100.0
225,146.0,100.0,JDK3-2-1,6793.0,avrora,100.0,100.0
226,0.0,100.0,JDK3-2-1,7359.0,avrora,100.0,100.0
227,0.0,100.0,JDK3-2-1,7359.0,avrora,100.0,100.0
228,0.0,100.0,JDK3-2-1,7934.0,avrora,100.0,100.0
229,0.0,100.0,JDK3-2-1,7934.0,avrora,100.0,100.0
230,0.0,100.0,JDK3-2-1,9076.0,avrora,100.0,12.5
231,0.0,100.0,JDK3-2-1,9076.0,avrora,100.0,12.5
232,0.0,100.0,JDK3-2-1,9297.0,avrora,100.0,12.5
233,0.0,100.0,JDK3-2-1,9297.0,avrora,100.0,12.5
234,0.0,100.0,JDK3-2-1,0.0,avrora,100.0,100.0
235,0.0,100.0,JDK3-2-1,0.0,avrora,100.0,100.0
236,50.0,100.0,JDK3-2-1,783.0,avrora,100.0,100.0
237,50.0,100.0,JDK3-2-1,783.0,avrora,100.0,100.0
238,28.0,100.0,JDK3-2-1,1956.0,avrora,100.0,100.0
239,28.0,100.0,JDK3-2-1,1956.0,avrora,100.0,100.0
240,26.0,100.0,JDK3-2-1,4039.0,avrora,100.0,100.0
241,26.0,100.0,JDK3-2-1,4039.0,avrora,100.0,100.0
242,22.0,100.0,JDK3-2-1,4727.0,avrora,100.0,100.0
243,22.0,100.0,JDK3-2-1,4727.0,avrora,100.0,100.0
244,20.0,100.0,JDK3-2-1,5393.0,avrora,100.0,100.0
245,20.0,100.0,JDK3-2-1,5393.0,avrora,100.0,100.0
246,65.0,100.0,JDK3-2-1,6752.0,avrora,100.0,100.0
247,65.0,100.0,JDK3-2-1,6752.0,avrora,100.0,100.0
248,72.0,100.0,JDK3-2-1,7442.0,avrora,100.0,100.0
249,72.0,100.0,JDK3-2-1,7442.0,avrora,100.0,100.0
250,66.0,100.0,JDK3-2-1,8100.0,avrora,100.0,100.0
251,66.0,100.0,JDK3-2-1,8100.0,avrora,100.0,100.0
252,0.0,0.0,JDK3-2-1,0.0,avrora,100.0,100.0
253,0.0,100.0,JDK3-2-1,0.0,avrora,100.0,100.0
254,0.0,100.0,JDK3-2-1,0.0,avrora,100.0,100.0
255,48.0,100.0,JDK3-2-1,792.0,avrora,100.0,100.0
256,48.0,100.0,JDK3-2-1,792.0,avrora,100.0,100.0
257,35.0,100.0,JDK3-2-1,1971.0,avrora,100.0,100.0
258,35.0,100.0,JDK3-2-1,1971.0,avrora,100.0,100.0
259,93.0,100.0,JDK3-2-1,4170.0,avrora,100.0,12.5
260,93.0,100.0,JDK3-2-1,4170.0,avrora,100.0,12.5
261,188.0,100.0,JDK3-2-1,4879.0,avrora,100.0,12.5
262,188.0,100.0,JDK3-2-1,4879.0,avrora,100.0,12.5
263,81.0,100.0,JDK3-2-1,5549.0,avrora,100.0,100.0
264,81.0,100.0,JDK3-2-1,5549.0,avrora,100.0,100.0
265,0.0,100.0,JDK3-2-1,6929.0,avrora,100.0,100.0
266,0.0,100.0,JDK3-2-1,6929.0,avrora,100.0,100.0
267,0.0,100.0,JDK3-2-1,7261.0,avrora,100.0,100.0
268,0.0,100.0,JDK3-2-1,7261.0,avrora,100.0,100.0
269,106.0,100.0,JDK3-2-1,7596.0,avrora,100.0,100.0
270,106.0,100.0,JDK3-2-1,7596.0,avrora,100.0,100.0
271,129.0,100.0,JDK3-2-1,8262.0,avrora,100.0,12.5
272,129.0,100.0,JDK3-2-1,8262.0,avrora,100.0,12.5
273,99.0,100.0,JDK3-2-1,8590.0,avrora,100.0,100.0
274,99.0,100.0,JDK3-2-1,8590.0,avrora,100.0,100.0
275,106.0,100.0,JDK3-2-1,8936.0,avrora,100.0,100.0
276,106.0,100.0,JDK3-2-1,8936.0,avrora,100.0,100.0
277,0.0,100.0,JDK3-2-1,0.0,avrora,100.0,100.0
278,0.0,100.0,JDK3-2-1,0.0,avrora,100.0,100.0
279,41.0,100.0,JDK3-2-1,787.0,avrora,100.0,100.0
280,41.0,100.0,JDK3-2-1,787.0,avrora,100.0,100.0
281,34.0,100.0,JDK3-2-1,2066.0,avrora,100.0,100.0
282,34.0,100.0,JDK3-2-1,2066.0,avrora,100.0,100.0
283,32.0,100.0,JDK3-2-1,4054.0,avrora,100.0,100.0
284,32.0,100.0,JDK3-2-1,4054.0,avrora,100.0,100.0
285,89.0,100.0,JDK3-2-1,4662.0,avrora,100.0,100.0
286,89.0,100.0,JDK3-2-1,4662.0,avrora,100.0,100.0
287,28.0,100.0,JDK3-2-1,5291.0,avrora,100.0,100.0
288,28.0,100.0,JDK3-2-1,5291.0,avrora,100.0,100.0
289,81.0,100.0,JDK3-2-1,6495.0,avrora,100.0,100.0
290,81.0,100.0,JDK3-2-1,6495.0,avrora,100.0,100.0
291,49.0,100.0,JDK3-2-1,7079.0,avrora,100.0,100.0
292,49.0,100.0,JDK3-2-1,7079.0,avrora,100.0,100.0
293,72.0,100.0,JDK3-2-1,7672.0,avrora,100.0,100.0
294,72.0,100.0,JDK3-2-1,7672.0,avrora,100.0,100.0
295,69.0,100.0,JDK3-2-1,8875.0,avrora,100.0,100.0
296,69.0,100.0,JDK3-2-1,8875.0,avrora,100.0,100.0
297,0.0,100.0,JDK3-2-1,0.0,avrora,100.0,100.0
298,0.0,100.0,JDK3-2-1,0.0,avrora,100.0,100.0
299,42.0,100.0,JDK3-2-1,800.0,avrora,100.0,100.0
300,42.0,100.0,JDK3-2-1,800.0,avrora,100.0,100.0
301,33.0,100.0,JDK3-2-1,1979.0,avrora,100.0,100.0
302,33.0,100.0,JDK3-2-1,1979.0,avrora,100.0,100.0
303,35.0,100.0,JDK3-2-1,4262.0,avrora,100.0,100.0
304,35.0,100.0,JDK3-2-1,4262.0,avrora,100.0,100.0
305,90.0,100.0,JDK3-2-1,4985.0,avrora,100.0,100.0
306,90.0,100.0,JDK3-2-1,4985.0,avrora,100.0,100.0
307,29.0,100.0,JDK3-2-1,5701.0,avrora,100.0,100.0
308,29.0,100.0,JDK3-2-1,5701.0,avrora,100.0,100.0
309,105.0,100.0,JDK3-2-1,7056.0,avrora,100.0,100.0
310,105.0,100.0,JDK3-2-1,7056.0,avrora,100.0,100.0
311,85.0,100.0,JDK3-2-1,7746.0,avrora,100.0,100.0
312,85.0,100.0,JDK3-2-1,7746.0,avrora,100.0,100.0
313,96.0,100.0,JDK3-2-1,8378.0,avrora,100.0,100.0
314,96.0,100.0,JDK3-2-1,8378.0,avrora,100.0,100.0
0,0.0,100.0,JDK2-2-1,0.0,avrora,100.0,100.0
1,0.0,100.0,JDK2-2-1,0.0,avrora,100.0,100.0
2,46.0,100.0,JDK2-2-1,691.0,avrora,100.0,100.0
3,46.0,100.0,JDK2-2-1,691.0,avrora,100.0,100.0
4,36.0,100.0,JDK2-2-1,1908.0,avrora,100.0,100.0
5,36.0,100.0,JDK2-2-1,1908.0,avrora,100.0,100.0
6,0.0,100.0,JDK2-2-1,4159.0,avrora,100.0,100.0
7,0.0,100.0,JDK2-2-1,4159.0,avrora,100.0,100.0
8,85.0,100.0,JDK2-2-1,4835.0,avrora,100.0,12.5
9,85.0,100.0,JDK2-2-1,4835.0,avrora,100.0,12.5
10,29.0,100.0,JDK2-2-1,5523.0,avrora,100.0,100.0
11,29.0,100.0,JDK2-2-1,5523.0,avrora,100.0,100.0
12,104.0,100.0,JDK2-2-1,6909.0,avrora,100.0,100.0
13,104.0,100.0,JDK2-2-1,6909.0,avrora,100.0,100.0
14,46.0,100.0,JDK2-2-1,7588.0,avrora,100.0,100.0
15,46.0,100.0,JDK2-2-1,7588.0,avrora,100.0,100.0
16,93.0,100.0,JDK2-2-1,8231.0,avrora,100.0,100.0
17,93.0,100.0,JDK2-2-1,8231.0,avrora,100.0,100.0
18,0.0,100.0,JDK2-2-1,0.0,avrora,100.0,100.0
19,0.0,100.0,JDK2-2-1,0.0,avrora,100.0,100.0
20,67.0,100.0,JDK2-2-1,814.0,avrora,100.0,100.0
21,67.0,100.0,JDK2-2-1,814.0,avrora,100.0,100.0
22,34.0,100.0,JDK2-2-1,1966.0,avrora,100.0,100.0
23,34.0,100.0,JDK2-2-1,1966.0,avrora,100.0,100.0
24,0.0,100.0,JDK2-2-1,4147.0,avrora,100.0,100.0
25,0.0,100.0,JDK2-2-1,4147.0,avrora,100.0,100.0
26,0.0,100.0,JDK2-2-1,4691.0,avrora,100.0,100.0
27,0.0,100.0,JDK2-2-1,4691.0,avrora,100.0,100.0
28,72.0,100.0,JDK2-2-1,5289.0,avrora,100.0,100.0
29,72.0,100.0,JDK2-2-1,5289.0,avrora,100.0,100.0
30,0.0,100.0,JDK2-2-1,6603.0,avrora,100.0,100.0
31,0.0,100.0,JDK2-2-1,6603.0,avrora,100.0,100.0
32,0.0,100.0,JDK2-2-1,7251.0,avrora,100.0,100.0
33,0.0,100.0,JDK2-2-1,7251.0,avrora,100.0,100.0
34,142.0,100.0,JDK2-2-1,7904.0,avrora,100.0,12.5
35,142.0,100.0,JDK2-2-1,7904.0,avrora,100.0,12.5
36,113.0,100.0,JDK2-2-1,9139.0,avrora,100.0,100.0
37,113.0,100.0,JDK2-2-1,9139.0,avrora,100.0,100.0
38,0.0,100.0,JDK2-2-1,0.0,avrora,100.0,100.0
39,0.0,100.0,JDK2-2-1,0.0,avrora,100.0,100.0
40,45.0,100.0,JDK2-2-1,822.0,avrora,100.0,100.0
41,45.0,100.0,JDK2-2-1,822.0,avrora,100.0,100.0
42,31.0,100.0,JDK2-2-1,1913.0,avrora,100.0,100.0
43,31.0,100.0,JDK2-2-1,1913.0,avrora,100.0,100.0
44,38.0,100.0,JDK2-2-1,3949.0,avrora,100.0,100.0
45,38.0,100.0,JDK2-2-1,3949.0,avrora,100.0,100.0
46,84.0,100.0,JDK2-2-1,4587.0,avrora,100.0,12.5
47,84.0,100.0,JDK2-2-1,4587.0,avrora,100.0,12.5
48,34.0,100.0,JDK2-2-1,5207.0,avrora,100.0,100.0
49,34.0,100.0,JDK2-2-1,5207.0,avrora,100.0,100.0
50,82.0,100.0,JDK2-2-1,6477.0,avrora,100.0,100.0
51,82.0,100.0,JDK2-2-1,6477.0,avrora,100.0,100.0
52,83.0,100.0,JDK2-2-1,7080.0,avrora,100.0,100.0
53,83.0,100.0,JDK2-2-1,7080.0,avrora,100.0,100.0
54,74.0,100.0,JDK2-2-1,7713.0,avrora,100.0,100.0
55,74.0,100.0,JDK2-2-1,7713.0,avrora,100.0,100.0
56,86.0,100.0,JDK2-2-1,8962.0,avrora,100.0,100.0
57,86.0,100.0,JDK2-2-1,8962.0,avrora,100.0,100.0
58,0.0,100.0,JDK2-2-1,0.0,avrora,100.0,100.0
59,0.0,100.0,JDK2-2-1,0.0,avrora,100.0,100.0
60,61.0,100.0,JDK2-2-1,519.0,avrora,100.0,100.0
61,61.0,100.0,JDK2-2-1,519.0,avrora,100.0,100.0
62,33.0,100.0,JDK2-2-1,1693.0,avrora,100.0,100.0
63,33.0,100.0,JDK2-2-1,1693.0,avrora,100.0,100.0
64,0.0,100.0,JDK2-2-1,3835.0,avrora,100.0,100.0
65,0.0,100.0,JDK2-2-1,3835.0,avrora,100.0,100.0
66,0.0,100.0,JDK2-2-1,4561.0,avrora,100.0,100.0
67,0.0,100.0,JDK2-2-1,4561.0,avrora,100.0,100.0
68,28.0,100.0,JDK2-2-1,5206.0,avrora,100.0,100.0
69,28.0,100.0,JDK2-2-1,5206.0,avrora,100.0,100.0
70,91.0,100.0,JDK2-2-1,6456.0,avrora,100.0,100.0
71,91.0,100.0,JDK2-2-1,6456.0,avrora,100.0,100.0
72,57.0,100.0,JDK2-2-1,7089.0,avrora,100.0,100.0
73,57.0,100.0,JDK2-2-1,7089.0,avrora,100.0,100.0
74,91.0,100.0,JDK2-2-1,7737.0,avrora,100.0,100.0
75,91.0,100.0,JDK2-2-1,7737.0,avrora,100.0,100.0
76,0.0,100.0,JDK2-2-1,0.0,avrora,100.0,100.0
77,0.0,100.0,JDK2-2-1,0.0,avrora,100.0,100.0
78,49.0,100.0,JDK2-2-1,791.0,avrora,100.0,100.0
79,49.0,100.0,JDK2-2-1,791.0,avrora,100.0,100.0
80,25.0,100.0,JDK2-2-1,1907.0,avrora,100.0,100.0
81,25.0,100.0,JDK2-2-1,1907.0,avrora,100.0,100.0
82,45.0,100.0,JDK2-2-1,3897.0,avrora,100.0,100.0
83,45.0,100.0,JDK2-2-1,3897.0,avrora,100.0,100.0
84,140.0,100.0,JDK2-2-1,4530.0,avrora,100.0,12.5
85,140.0,100.0,JDK2-2-1,4530.0,avrora,100.0,12.5
86,26.0,100.0,JDK2-2-1,5183.0,avrora,100.0,100.0
87,26.0,100.0,JDK2-2-1,5183.0,avrora,100.0,100.0
88,90.0,100.0,JDK2-2-1,6465.0,avrora,100.0,100.0
89,90.0,100.0,JDK2-2-1,6465.0,avrora,100.0,100.0
90,81.0,100.0,JDK2-2-1,7107.0,avrora,100.0,100.0
91,81.0,100.0,JDK2-2-1,7107.0,avrora,100.0,100.0
92,90.0,100.0,JDK2-2-1,7743.0,avrora,100.0,100.0
93,90.0,100.0,JDK2-2-1,7743.0,avrora,100.0,100.0
94,89.0,100.0,JDK2-2-1,8978.0,avrora,100.0,100.0
95,89.0,100.0,JDK2-2-1,8978.0,avrora,100.0,100.0
96,0.0,100.0,JDK2-2-1,0.0,avrora,100.0,100.0
97,0.0,100.0,JDK2-2-1,0.0,avrora,100.0,100.0
98,82.0,100.0,JDK2-2-1,783.0,avrora,100.0,100.0
99,82.0,100.0,JDK2-2-1,783.0,avrora,100.0,100.0
100,42.0,100.0,JDK2-2-1,1945.0,avrora,100.0,100.0
101,42.0,100.0,JDK2-2-1,1945.0,avrora,100.0,100.0
102,37.0,100.0,JDK2-2-1,4199.0,avrora,100.0,100.0
103,37.0,100.0,JDK2-2-1,4199.0,avrora,100.0,100.0
104,88.0,100.0,JDK2-2-1,4858.0,avrora,100.0,100.0
105,88.0,100.0,JDK2-2-1,4858.0,avrora,100.0,100.0
106,30.0,100.0,JDK2-2-1,5538.0,avrora,100.0,100.0
107,30.0,100.0,JDK2-2-1,5538.0,avrora,100.0,100.0
108,86.0,100.0,JDK2-2-1,6891.0,avrora,100.0,100.0
109,86.0,100.0,JDK2-2-1,6891.0,avrora,100.0,100.0
110,104.0,100.0,JDK2-2-1,7531.0,avrora,100.0,100.0
111,104.0,100.0,JDK2-2-1,7531.0,avrora,100.0,100.0
112,81.0,100.0,JDK2-2-1,8141.0,avrora,100.0,100.0
113,81.0,100.0,JDK2-2-1,8141.0,avrora,100.0,100.0
114,87.0,100.0,JDK2-2-1,9442.0,avrora,100.0,12.5
115,87.0,100.0,JDK2-2-1,9442.0,avrora,100.0,12.5
116,0.0,100.0,JDK2-2-1,0.0,avrora,100.0,100.0
117,0.0,100.0,JDK2-2-1,0.0,avrora,100.0,100.0
118,80.0,100.0,JDK2-2-1,800.0,avrora,100.0,100.0
119,80.0,100.0,JDK2-2-1,800.0,avrora,100.0,100.0
120,37.0,100.0,JDK2-2-1,1979.0,avrora,100.0,100.0
121,37.0,100.0,JDK2-2-1,1979.0,avrora,100.0,100.0
122,39.0,100.0,JDK2-2-1,4342.0,avrora,100.0,100.0
123,39.0,100.0,JDK2-2-1,4342.0,avrora,100.0,100.0
124,159.0,100.0,JDK2-2-1,5061.0,avrora,100.0,12.5
125,159.0,100.0,JDK2-2-1,5061.0,avrora,100.0,12.5
126,34.0,100.0,JDK2-2-1,5733.0,avrora,100.0,100.0
127,34.0,100.0,JDK2-2-1,5733.0,avrora,100.0,100.0
128,123.0,100.0,JDK2-2-1,7073.0,avrora,100.0,100.0
129,123.0,100.0,JDK2-2-1,7073.0,avrora,100.0,100.0
130,0.0,100.0,JDK2-2-1,7733.0,avrora,100.0,100.0
131,0.0,100.0,JDK2-2-1,7733.0,avrora,100.0,100.0
132,98.0,100.0,JDK2-2-1,8455.0,avrora,100.0,100.0
133,98.0,100.0,JDK2-2-1,8455.0,avrora,100.0,100.0
134,0.0,100.0,JDK2-2-1,0.0,avrora,100.0,100.0
135,0.0,100.0,JDK2-2-1,0.0,avrora,100.0,100.0
136,45.0,100.0,JDK2-2-1,795.0,avrora,100.0,100.0
137,45.0,100.0,JDK2-2-1,795.0,avrora,100.0,100.0
138,33.0,100.0,JDK2-2-1,1914.0,avrora,100.0,100.0
139,33.0,100.0,JDK2-2-1,1914.0,avrora,100.0,100.0
140,52.0,100.0,JDK2-2-1,3947.0,avrora,100.0,100.0
141,52.0,100.0,JDK2-2-1,3947.0,avrora,100.0,100.0
142,149.0,100.0,JDK2-2-1,4625.0,avrora,100.0,12.5
143,149.0,100.0,JDK2-2-1,4625.0,avrora,100.0,12.5
144,40.0,100.0,JDK2-2-1,5287.0,avrora,100.0,100.0
145,40.0,100.0,JDK2-2-1,5287.0,avrora,100.0,100.0
146,111.0,100.0,JDK2-2-1,6858.0,avrora,100.0,100.0
147,111.0,100.0,JDK2-2-1,6858.0,avrora,100.0,100.0
148,75.0,100.0,JDK2-2-1,7532.0,avrora,100.0,100.0
149,75.0,100.0,JDK2-2-1,7532.0,avrora,100.0,100.0
150,102.0,100.0,JDK2-2-1,8164.0,avrora,100.0,100.0
151,102.0,100.0,JDK2-2-1,8164.0,avrora,100.0,100.0
152,117.0,100.0,JDK2-2-1,9493.0,avrora,100.0,12.5
153,117.0,100.0,JDK2-2-1,9493.0,avrora,100.0,12.5
154,0.0,100.0,JDK2-2-1,0.0,avrora,100.0,100.0
155,0.0,100.0,JDK2-2-1,0.0,avrora,100.0,100.0
156,55.0,100.0,JDK2-2-1,796.0,avrora,100.0,100.0
157,55.0,100.0,JDK2-2-1,796.0,avrora,100.0,100.0
158,38.0,100.0,JDK2-2-1,1887.0,avrora,100.0,100.0
159,38.0,100.0,JDK2-2-1,1887.0,avrora,100.0,100.0
160,50.0,100.0,JDK2-2-1,4014.0,avrora,100.0,100.0
161,50.0,100.0,JDK2-2-1,4014.0,avrora,100.0,100.0
162,136.0,100.0,JDK2-2-1,4663.0,avrora,100.0,12.5
163,136.0,100.0,JDK2-2-1,4663.0,avrora,100.0,12.5
164,38.0,100.0,JDK2-2-1,5303.0,avrora,100.0,100.0
165,38.0,100.0,JDK2-2-1,5303.0,avrora,100.0,100.0
166,137.0,100.0,JDK2-2-1,6578.0,avrora,100.0,100.0
167,137.0,100.0,JDK2-2-1,6578.0,avrora,100.0,100.0
168,0.0,100.0,JDK2-2-1,7208.0,avrora,100.0,100.0
169,0.0,100.0,JDK2-2-1,7208.0,avrora,100.0,100.0
170,116.0,100.0,JDK2-2-1,7842.0,avrora,100.0,100.0
171,116.0,100.0,JDK2-2-1,7842.0,avrora,100.0,100.0
172,121.0,100.0,JDK2-2-1,9115.0,avrora,100.0,12.5
173,121.0,100.0,JDK2-2-1,9115.0,avrora,100.0,12.5
174,0.0,100.0,JDK2-2-1,0.0,avrora,100.0,100.0
175,0.0,100.0,JDK2-2-1,0.0,avrora,100.0,100.0
176,54.0,100.0,JDK2-2-1,791.0,avrora,100.0,100.0
177,54.0,100.0,JDK2-2-1,791.0,avrora,100.0,100.0
178,33.0,100.0,JDK2-2-1,1813.0,avrora,100.0,100.0
179,33.0,100.0,JDK2-2-1,1813.0,avrora,100.0,100.0
180,37.0,100.0,JDK2-2-1,3926.0,avrora,100.0,100.0
181,37.0,100.0,JDK2-2-1,3926.0,avrora,100.0,100.0
182,90.0,100.0,JDK2-2-1,4651.0,avrora,100.0,100.0
183,90.0,100.0,JDK2-2-1,4651.0,avrora,100.0,100.0
184,33.0,100.0,JDK2-2-1,5333.0,avrora,100.0,100.0
185,33.0,100.0,JDK2-2-1,5333.0,avrora,100.0,100.0
186,84.0,100.0,JDK2-2-1,6553.0,avrora,100.0,100.0
187,84.0,100.0,JDK2-2-1,6553.0,avrora,100.0,100.0
188,58.0,100.0,JDK2-2-1,7212.0,avrora,100.0,100.0
189,58.0,100.0,JDK2-2-1,7212.0,avrora,100.0,100.0
190,80.0,100.0,JDK2-2-1,7833.0,avrora,100.0,100.0
191,80.0,100.0,JDK2-2-1,7833.0,avrora,100.0,100.0
192,0.0,100.0,JDK2-2-1,0.0,avrora,100.0,100.0
193,0.0,100.0,JDK2-2-1,0.0,avrora,100.0,100.0
194,38.0,100.0,JDK2-2-1,799.0,avrora,100.0,100.0
195,38.0,100.0,JDK2-2-1,799.0,avrora,100.0,100.0
196,36.0,100.0,JDK2-2-1,1912.0,avrora,100.0,100.0
197,36.0,100.0,JDK2-2-1,1912.0,avrora,100.0,100.0
198,36.0,100.0,JDK2-2-1,4074.0,avrora,100.0,100.0
199,36.0,100.0,JDK2-2-1,4074.0,avrora,100.0,100.0
200,156.0,100.0,JDK2-2-1,4778.0,avrora,100.0,12.5
201,156.0,100.0,JDK2-2-1,4778.0,avrora,100.0,12.5
202,32.0,100.0,JDK2-2-1,5426.0,avrora,100.0,100.0
203,32.0,100.0,JDK2-2-1,5426.0,avrora,100.0,100.0
204,124.0,100.0,JDK2-2-1,6831.0,avrora,100.0,100.0
205,124.0,100.0,JDK2-2-1,6831.0,avrora,100.0,100.0
206,93.0,100.0,JDK2-2-1,7490.0,avrora,100.0,12.5
207,93.0,100.0,JDK2-2-1,7490.0,avrora,100.0,12.5
208,106.0,100.0,JDK2-2-1,8147.0,avrora,100.0,100.0
209,106.0,100.0,JDK2-2-1,8147.0,avrora,100.0,100.0
210,114.0,100.0,JDK2-2-1,9514.0,avrora,100.0,12.5
211,114.0,100.0,JDK2-2-1,9514.0,avrora,100.0,12.5
212,0.0,100.0,JDK2-2-1,0.0,avrora,100.0,100.0
213,0.0,100.0,JDK2-2-1,0.0,avrora,100.0,100.0
214,52.0,100.0,JDK2-2-1,801.0,avrora,100.0,100.0
215,52.0,100.0,JDK2-2-1,801.0,avrora,100.0,100.0
216,30.0,100.0,JDK2-2-1,1882.0,avrora,100.0,100.0
217,30.0,100.0,JDK2-2-1,1882.0,avrora,100.0,100.0
218,31.0,100.0,JDK2-2-1,3846.0,avrora,100.0,100.0
219,31.0,100.0,JDK2-2-1,3846.0,avrora,100.0,100.0
220,89.0,100.0,JDK2-2-1,4499.0,avrora,100.0,12.5
221,89.0,100.0,JDK2-2-1,4499.0,avrora,100.0,12.5
222,31.0,100.0,JDK2-2-1,5112.0,avrora,100.0,100.0
223,31.0,100.0,JDK2-2-1,5112.0,avrora,100.0,100.0
224,85.0,100.0,JDK2-2-1,6316.0,avrora,100.0,100.0
225,85.0,100.0,JDK2-2-1,6316.0,avrora,100.0,100.0
226,41.0,100.0,JDK2-2-1,6967.0,avrora,100.0,100.0
227,41.0,100.0,JDK2-2-1,6967.0,avrora,100.0,100.0
228,81.0,100.0,JDK2-2-1,7579.0,avrora,100.0,100.0
229,81.0,100.0,JDK2-2-1,7579.0,avrora,100.0,100.0
230,92.0,100.0,JDK2-2-1,8707.0,avrora,100.0,100.0
231,92.0,100.0,JDK2-2-1,8707.0,avrora,100.0,100.0
232,0.0,100.0,JDK2-2-1,0.0,avrora,100.0,100.0
233,0.0,100.0,JDK2-2-1,0.0,avrora,100.0,100.0
234,48.0,100.0,JDK2-2-1,782.0,avrora,100.0,100.0
235,48.0,100.0,JDK2-2-1,782.0,avrora,100.0,100.0
236,41.0,100.0,JDK2-2-1,1912.0,avrora,100.0,100.0
237,41.0,100.0,JDK2-2-1,1912.0,avrora,100.0,100.0
238,121.0,100.0,JDK2-2-1,4204.0,avrora,100.0,100.0
239,121.0,100.0,JDK2-2-1,4204.0,avrora,100.0,100.0
240,0.0,100.0,JDK2-2-1,4929.0,avrora,100.0,100.0
241,0.0,100.0,JDK2-2-1,4929.0,avrora,100.0,100.0
242,94.0,100.0,JDK2-2-1,5580.0,avrora,100.0,100.0
243,94.0,100.0,JDK2-2-1,5580.0,avrora,100.0,100.0
244,0.0,100.0,JDK2-2-1,6925.0,avrora,100.0,12.5
245,0.0,100.0,JDK2-2-1,6925.0,avrora,100.0,12.5
246,138.0,100.0,JDK2-2-1,7553.0,avrora,100.0,100.0
247,138.0,100.0,JDK2-2-1,7553.0,avrora,100.0,100.0
248,101.0,100.0,JDK2-2-1,8190.0,avrora,100.0,100.0
249,101.0,100.0,JDK2-2-1,8190.0,avrora,100.0,100.0
250,39.0,100.0,JDK2-2-1,9441.0,avrora,100.0,100.0
251,39.0,100.0,JDK2-2-1,9441.0,avrora,100.0,100.0
252,0.0,0.0,JDK2-2-1,0.0,avrora,100.0,100.0
253,0.0,100.0,JDK2-2-1,0.0,avrora,100.0,100.0
254,0.0,100.0,JDK2-2-1,0.0,avrora,100.0,100.0
255,51.0,100.0,JDK2-2-1,788.0,avrora,100.0,100.0
256,51.0,100.0,JDK2-2-1,788.0,avrora,100.0,100.0
257,38.0,100.0,JDK2-2-1,2067.0,avrora,100.0,100.0
258,38.0,100.0,JDK2-2-1,2067.0,avrora,100.0,100.0
259,38.0,100.0,JDK2-2-1,4353.0,avrora,100.0,100.0
260,38.0,100.0,JDK2-2-1,4353.0,avrora,100.0,100.0
261,90.0,100.0,JDK2-2-1,5032.0,avrora,100.0,12.5
262,90.0,100.0,JDK2-2-1,5032.0,avrora,100.0,12.5
263,35.0,100.0,JDK2-2-1,5695.0,avrora,100.0,100.0
264,35.0,100.0,JDK2-2-1,5695.0,avrora,100.0,100.0
265,90.0,100.0,JDK2-2-1,6999.0,avrora,100.0,100.0
266,90.0,100.0,JDK2-2-1,6999.0,avrora,100.0,100.0
267,56.0,100.0,JDK2-2-1,7685.0,avrora,100.0,100.0
268,56.0,100.0,JDK2-2-1,7685.0,avrora,100.0,100.0
269,93.0,100.0,JDK2-2-1,8322.0,avrora,100.0,100.0
270,93.0,100.0,JDK2-2-1,8322.0,avrora,100.0,100.0
271,112.0,100.0,JDK2-2-1,9583.0,avrora,100.0,12.5
272,112.0,100.0,JDK2-2-1,9583.0,avrora,100.0,12.5
273,0.0,100.0,JDK2-2-1,0.0,avrora,100.0,100.0
274,0.0,100.0,JDK2-2-1,0.0,avrora,100.0,100.0
275,45.0,100.0,JDK2-2-1,804.0,avrora,100.0,100.0
276,45.0,100.0,JDK2-2-1,804.0,avrora,100.0,100.0
277,39.0,100.0,JDK2-2-1,1997.0,avrora,100.0,100.0
278,39.0,100.0,JDK2-2-1,1997.0,avrora,100.0,100.0
279,36.0,100.0,JDK2-2-1,4189.0,avrora,100.0,100.0
280,36.0,100.0,JDK2-2-1,4189.0,avrora,100.0,100.0
281,0.0,100.0,JDK2-2-1,4892.0,avrora,100.0,100.0
282,0.0,100.0,JDK2-2-1,4892.0,avrora,100.0,100.0
283,34.0,100.0,JDK2-2-1,5559.0,avrora,100.0,100.0
284,34.0,100.0,JDK2-2-1,5559.0,avrora,100.0,100.0
285,107.0,100.0,JDK2-2-1,6927.0,avrora,100.0,100.0
286,107.0,100.0,JDK2-2-1,6927.0,avrora,100.0,100.0
287,33.0,100.0,JDK2-2-1,7598.0,avrora,100.0,100.0
288,33.0,100.0,JDK2-2-1,7598.0,avrora,100.0,100.0
289,106.0,100.0,JDK2-2-1,8244.0,avrora,100.0,100.0
290,106.0,100.0,JDK2-2-1,8244.0,avrora,100.0,100.0
291,0.0,100.0,JDK2-2-1,0.0,avrora,100.0,100.0
292,0.0,100.0,JDK2-2-1,0.0,avrora,100.0,100.0
293,46.0,100.0,JDK2-2-1,781.0,avrora,100.0,100.0
294,46.0,100.0,JDK2-2-1,781.0,avrora,100.0,100.0
295,39.0,100.0,JDK2-2-1,1890.0,avrora,100.0,100.0
296,39.0,100.0,JDK2-2-1,1890.0,avrora,100.0,100.0
297,38.0,100.0,JDK2-2-1,3962.0,avrora,100.0,100.0
298,38.0,100.0,JDK2-2-1,3962.0,avrora,100.0,100.0
299,90.0,100.0,JDK2-2-1,4653.0,avrora,100.0,100.0
300,90.0,100.0,JDK2-2-1,4653.0,avrora,100.0,100.0
301,32.0,100.0,JDK2-2-1,5309.0,avrora,100.0,100.0
302,32.0,100.0,JDK2-2-1,5309.0,avrora,100.0,100.0
303,108.0,100.0,JDK2-2-1,6641.0,avrora,100.0,100.0
304,108.0,100.0,JDK2-2-1,6641.0,avrora,100.0,100.0
305,53.0,100.0,JDK2-2-1,7317.0,avrora,100.0,100.0
306,53.0,100.0,JDK2-2-1,7317.0,avrora,100.0,100.0
307,95.0,100.0,JDK2-2-1,7977.0,avrora,100.0,100.0
308,95.0,100.0,JDK2-2-1,7977.0,avrora,100.0,100.0
309,110.0,100.0,JDK2-2-1,9247.0,avrora,100.0,12.5
310,110.0,100.0,JDK2-2-1,9247.0,avrora,100.0,12.5
0,0.0,,JDKF,0.0,avrora,,
1,0.0,,JDKF,0.0,avrora,,
2,30.0,,JDKF,779.0,avrora,,
3,30.0,,JDKF,779.0,avrora,,
4,22.0,,JDKF,1781.0,avrora,,
5,22.0,,JDKF,1781.0,avrora,,
6,111.0,,JDKF,2668.0,avrora,,
7,17.0,,JDKF,3593.0,avrora,,
8,147.0,,JDKF,4207.0,avrora,,
9,147.0,,JDKF,4207.0,avrora,,
10,42.0,,JDKF,4828.0,avrora,,
11,42.0,,JDKF,4828.0,avrora,,
12,137.0,,JDKF,5442.0,avrora,,
13,97.0,,JDKF,6079.0,avrora,,
14,74.0,,JDKF,6705.0,avrora,,
15,74.0,,JDKF,6705.0,avrora,,
16,90.0,,JDKF,7328.0,avrora,,
17,90.0,,JDKF,7328.0,avrora,,
18,103.0,,JDKF,7975.0,avrora,,
19,100.0,,JDKF,8591.0,avrora,,
20,0.0,,JDKF,0.0,avrora,,
21,0.0,,JDKF,0.0,avrora,,
22,23.0,,JDKF,697.0,avrora,,
23,23.0,,JDKF,697.0,avrora,,
24,22.0,,JDKF,1770.0,avrora,,
25,22.0,,JDKF,1770.0,avrora,,
26,113.0,,JDKF,2703.0,avrora,,
27,21.0,,JDKF,3655.0,avrora,,
28,85.0,,JDKF,4356.0,avrora,,
29,85.0,,JDKF,4356.0,avrora,,
30,34.0,,JDKF,5020.0,avrora,,
31,34.0,,JDKF,5020.0,avrora,,
32,150.0,,JDKF,5691.0,avrora,,
33,65.0,,JDKF,6331.0,avrora,,
34,30.0,,JDKF,6995.0,avrora,,
35,30.0,,JDKF,6995.0,avrora,,
36,59.0,,JDKF,7632.0,avrora,,
37,59.0,,JDKF,7632.0,avrora,,
38,156.0,,JDKF,8317.0,avrora,,
39,61.0,,JDKF,8958.0,avrora,,
40,0.0,,JDKF,0.0,avrora,,
41,0.0,,JDKF,0.0,avrora,,
42,21.0,,JDKF,597.0,avrora,,
43,21.0,,JDKF,597.0,avrora,,
44,20.0,,JDKF,1622.0,avrora,,
45,20.0,,JDKF,1622.0,avrora,,
46,102.0,,JDKF,2664.0,avrora,,
47,22.0,,JDKF,3616.0,avrora,,
48,89.0,,JDKF,4258.0,avrora,,
49,89.0,,JDKF,4258.0,avrora,,
50,26.0,,JDKF,4940.0,avrora,,
51,26.0,,JDKF,4940.0,avrora,,
52,73.0,,JDKF,5579.0,avrora,,
53,72.0,,JDKF,6226.0,avrora,,
54,43.0,,JDKF,6878.0,avrora,,
55,43.0,,JDKF,6878.0,avrora,,
56,69.0,,JDKF,7502.0,avrora,,
57,69.0,,JDKF,7502.0,avrora,,
58,151.0,,JDKF,8142.0,avrora,,
59,71.0,,JDKF,8764.0,avrora,,
60,0.0,,JDKF,0.0,avrora,,
61,0.0,,JDKF,0.0,avrora,,
62,22.0,,JDKF,646.0,avrora,,
63,22.0,,JDKF,646.0,avrora,,
64,19.0,,JDKF,1645.0,avrora,,
65,19.0,,JDKF,1645.0,avrora,,
66,127.0,,JDKF,2681.0,avrora,,
67,17.0,,JDKF,3645.0,avrora,,
68,79.0,,JDKF,4317.0,avrora,,
69,79.0,,JDKF,4317.0,avrora,,
70,71.0,,JDKF,4954.0,avrora,,
71,71.0,,JDKF,4954.0,avrora,,
72,122.0,,JDKF,5616.0,avrora,,
73,108.0,,JDKF,6296.0,avrora,,
74,84.0,,JDKF,6919.0,avrora,,
75,84.0,,JDKF,6919.0,avrora,,
76,98.0,,JDKF,7499.0,avrora,,
77,98.0,,JDKF,7499.0,avrora,,
78,125.0,,JDKF,8150.0,avrora,,
79,75.0,,JDKF,8751.0,avrora,,
80,0.0,,JDKF,0.0,avrora,,
81,0.0,,JDKF,0.0,avrora,,
82,18.0,,JDKF,562.0,avrora,,
83,18.0,,JDKF,562.0,avrora,,
84,14.0,,JDKF,1638.0,avrora,,
85,14.0,,JDKF,1638.0,avrora,,
86,80.0,,JDKF,2595.0,avrora,,
87,22.0,,JDKF,3498.0,avrora,,
88,105.0,,JDKF,4129.0,avrora,,
89,105.0,,JDKF,4129.0,avrora,,
90,34.0,,JDKF,4748.0,avrora,,
91,34.0,,JDKF,4748.0,avrora,,
92,91.0,,JDKF,5355.0,avrora,,
93,80.0,,JDKF,5970.0,avrora,,
94,38.0,,JDKF,6554.0,avrora,,
95,38.0,,JDKF,6554.0,avrora,,
96,77.0,,JDKF,7129.0,avrora,,
97,77.0,,JDKF,7129.0,avrora,,
98,174.0,,JDKF,7748.0,avrora,,
99,87.0,,JDKF,8372.0,avrora,,
100,0.0,,JDKF,0.0,avrora,,
101,0.0,,JDKF,0.0,avrora,,
102,34.0,,JDKF,695.0,avrora,,
103,34.0,,JDKF,695.0,avrora,,
104,21.0,,JDKF,1765.0,avrora,,
105,21.0,,JDKF,1765.0,avrora,,
106,151.0,,JDKF,2695.0,avrora,,
107,51.0,,JDKF,3533.0,avrora,,
108,154.0,,JDKF,4165.0,avrora,,
109,154.0,,JDKF,4165.0,avrora,,
110,31.0,,JDKF,4780.0,avrora,,
111,31.0,,JDKF,4780.0,avrora,,
112,164.0,,JDKF,5415.0,avrora,,
113,91.0,,JDKF,6073.0,avrora,,
114,46.0,,JDKF,6669.0,avrora,,
115,46.0,,JDKF,6669.0,avrora,,
116,81.0,,JDKF,7306.0,avrora,,
117,81.0,,JDKF,7306.0,avrora,,
118,128.0,,JDKF,7947.0,avrora,,
119,77.0,,JDKF,8756.0,avrora,,
120,0.0,,JDKF,0.0,avrora,,
121,0.0,,JDKF,0.0,avrora,,
122,29.0,,JDKF,711.0,avrora,,
123,29.0,,JDKF,711.0,avrora,,
124,17.0,,JDKF,1817.0,avrora,,
125,17.0,,JDKF,1817.0,avrora,,
126,129.0,,JDKF,3139.0,avrora,,
127,22.0,,JDKF,4101.0,avrora,,
128,91.0,,JDKF,4730.0,avrora,,
129,91.0,,JDKF,4730.0,avrora,,
130,25.0,,JDKF,5367.0,avrora,,
131,25.0,,JDKF,5367.0,avrora,,
132,108.0,,JDKF,6000.0,avrora,,
133,78.0,,JDKF,6646.0,avrora,,
134,23.0,,JDKF,7292.0,avrora,,
135,23.0,,JDKF,7292.0,avrora,,
136,71.0,,JDKF,7922.0,avrora,,
137,71.0,,JDKF,7922.0,avrora,,
138,155.0,,JDKF,8589.0,avrora,,
139,73.0,,JDKF,9196.0,avrora,,
140,0.0,,JDKF,0.0,avrora,,
141,0.0,,JDKF,0.0,avrora,,
142,20.0,,JDKF,796.0,avrora,,
143,20.0,,JDKF,796.0,avrora,,
144,11.0,,JDKF,1864.0,avrora,,
145,11.0,,JDKF,1864.0,avrora,,
146,105.0,,JDKF,2807.0,avrora,,
147,39.0,,JDKF,3751.0,avrora,,
148,28.0,,JDKF,4406.0,avrora,,
149,28.0,,JDKF,4406.0,avrora,,
150,31.0,,JDKF,5113.0,avrora,,
151,31.0,,JDKF,5113.0,avrora,,
152,59.0,,JDKF,5796.0,avrora,,
153,103.0,,JDKF,6458.0,avrora,,
154,54.0,,JDKF,7118.0,avrora,,
155,54.0,,JDKF,7118.0,avrora,,
156,89.0,,JDKF,7735.0,avrora,,
157,89.0,,JDKF,7735.0,avrora,,
158,60.0,,JDKF,8359.0,avrora,,
159,99.0,,JDKF,9001.0,avrora,,
160,0.0,,JDKF,0.0,avrora,,
161,0.0,,JDKF,0.0,avrora,,
162,23.0,,JDKF,604.0,avrora,,
163,23.0,,JDKF,604.0,avrora,,
164,21.0,,JDKF,1618.0,avrora,,
165,21.0,,JDKF,1618.0,avrora,,
166,93.0,,JDKF,2553.0,avrora,,
167,22.0,,JDKF,3496.0,avrora,,
168,85.0,,JDKF,4139.0,avrora,,
169,85.0,,JDKF,4139.0,avrora,,
170,25.0,,JDKF,4777.0,avrora,,
171,25.0,,JDKF,4777.0,avrora,,
172,148.0,,JDKF,5403.0,avrora,,
173,67.0,,JDKF,6044.0,avrora,,
174,59.0,,JDKF,6715.0,avrora,,
175,59.0,,JDKF,6715.0,avrora,,
176,53.0,,JDKF,7328.0,avrora,,
177,53.0,,JDKF,7328.0,avrora,,
178,160.0,,JDKF,8010.0,avrora,,
179,62.0,,JDKF,8644.0,avrora,,
180,0.0,,JDKF,0.0,avrora,,
181,0.0,,JDKF,0.0,avrora,,
182,23.0,,JDKF,717.0,avrora,,
183,23.0,,JDKF,717.0,avrora,,
184,23.0,,JDKF,1775.0,avrora,,
185,23.0,,JDKF,1775.0,avrora,,
186,116.0,,JDKF,2784.0,avrora,,
187,16.0,,JDKF,3785.0,avrora,,
188,77.0,,JDKF,4480.0,avrora,,
189,77.0,,JDKF,4480.0,avrora,,
190,64.0,,JDKF,5187.0,avrora,,
191,64.0,,JDKF,5187.0,avrora,,
192,129.0,,JDKF,5882.0,avrora,,
193,70.0,,JDKF,6545.0,avrora,,
194,5.0,,JDKF,7240.0,avrora,,
195,5.0,,JDKF,7240.0,avrora,,
196,71.0,,JDKF,7875.0,avrora,,
197,71.0,,JDKF,7875.0,avrora,,
198,108.0,,JDKF,8547.0,avrora,,
199,70.0,,JDKF,9205.0,avrora,,
200,0.0,,JDKF,0.0,avrora,,
201,0.0,,JDKF,0.0,avrora,,
202,21.0,,JDKF,367.0,avrora,,
203,21.0,,JDKF,367.0,avrora,,
204,18.0,,JDKF,1516.0,avrora,,
205,18.0,,JDKF,1516.0,avrora,,
206,136.0,,JDKF,2560.0,avrora,,
207,43.0,,JDKF,3560.0,avrora,,
208,110.0,,JDKF,4245.0,avrora,,
209,110.0,,JDKF,4245.0,avrora,,
210,24.0,,JDKF,4903.0,avrora,,
211,24.0,,JDKF,4903.0,avrora,,
212,160.0,,JDKF,5557.0,avrora,,
213,88.0,,JDKF,6184.0,avrora,,
214,22.0,,JDKF,6848.0,avrora,,
215,22.0,,JDKF,6848.0,avrora,,
216,65.0,,JDKF,7496.0,avrora,,
217,65.0,,JDKF,7496.0,avrora,,
218,97.0,,JDKF,8124.0,avrora,,
219,69.0,,JDKF,8691.0,avrora,,
220,0.0,,JDKF,0.0,avrora,,
221,0.0,,JDKF,0.0,avrora,,
222,18.0,,JDKF,570.0,avrora,,
223,18.0,,JDKF,570.0,avrora,,
224,19.0,,JDKF,1542.0,avrora,,
225,19.0,,JDKF,1542.0,avrora,,
226,93.0,,JDKF,2489.0,avrora,,
227,21.0,,JDKF,3383.0,avrora,,
228,161.0,,JDKF,3999.0,avrora,,
229,161.0,,JDKF,3999.0,avrora,,
230,34.0,,JDKF,4668.0,avrora,,
231,34.0,,JDKF,4668.0,avrora,,
232,171.0,,JDKF,5302.0,avrora,,
233,83.0,,JDKF,5941.0,avrora,,
234,78.0,,JDKF,6592.0,avrora,,
235,78.0,,JDKF,6592.0,avrora,,
236,73.0,,JDKF,7201.0,avrora,,
237,73.0,,JDKF,7201.0,avrora,,
238,138.0,,JDKF,7837.0,avrora,,
239,90.0,,JDKF,8455.0,avrora,,
240,0.0,,JDKF,0.0,avrora,,
241,0.0,,JDKF,0.0,avrora,,
242,18.0,,JDKF,718.0,avrora,,
243,18.0,,JDKF,718.0,avrora,,
244,19.0,,JDKF,1805.0,avrora,,
245,19.0,,JDKF,1805.0,avrora,,
246,133.0,,JDKF,2758.0,avrora,,
247,55.0,,JDKF,3647.0,avrora,,
248,82.0,,JDKF,4275.0,avrora,,
249,82.0,,JDKF,4275.0,avrora,,
250,29.0,,JDKF,4922.0,avrora,,
251,29.0,,JDKF,4922.0,avrora,,
252,122.0,,JDKF,5597.0,avrora,,
253,79.0,,JDKF,6252.0,avrora,,
254,31.0,,JDKF,6907.0,avrora,,
255,31.0,,JDKF,6907.0,avrora,,
256,73.0,,JDKF,7544.0,avrora,,
257,73.0,,JDKF,7544.0,avrora,,
258,165.0,,JDKF,8191.0,avrora,,
259,75.0,,JDKF,8830.0,avrora,,
260,0.0,,JDKF,0.0,avrora,,
261,0.0,,JDKF,0.0,avrora,,
262,19.0,,JDKF,749.0,avrora,,
263,19.0,,JDKF,749.0,avrora,,
264,13.0,,JDKF,1893.0,avrora,,
265,13.0,,JDKF,1893.0,avrora,,
266,106.0,,JDKF,2894.0,avrora,,
267,14.0,,JDKF,3792.0,avrora,,
268,1.0,,JDKF,4471.0,avrora,,
269,1.0,,JDKF,4471.0,avrora,,
270,23.0,,JDKF,5164.0,avrora,,
271,23.0,,JDKF,5164.0,avrora,,
272,134.0,,JDKF,5815.0,avrora,,
273,47.0,,JDKF,6464.0,avrora,,
274,21.0,,JDKF,7111.0,avrora,,
275,21.0,,JDKF,7111.0,avrora,,
276,42.0,,JDKF,7744.0,avrora,,
277,42.0,,JDKF,7744.0,avrora,,
278,125.0,,JDKF,8407.0,avrora,,
279,47.0,,JDKF,9036.0,avrora,,
280,0.0,,JDKF,0.0,avrora,,
281,0.0,,JDKF,0.0,avrora,,
282,17.0,,JDKF,710.0,avrora,,
283,17.0,,JDKF,710.0,avrora,,
284,20.0,,JDKF,1792.0,avrora,,
285,20.0,,JDKF,1792.0,avrora,,
286,109.0,,JDKF,2706.0,avrora,,
287,18.0,,JDKF,3571.0,avrora,,
288,55.0,,JDKF,4226.0,avrora,,
289,55.0,,JDKF,4226.0,avrora,,
290,11.0,,JDKF,4890.0,avrora,,
291,11.0,,JDKF,4890.0,avrora,,
292,95.0,,JDKF,5544.0,avrora,,
293,61.0,,JDKF,6194.0,avrora,,
294,37.0,,JDKF,6854.0,avrora,,
295,37.0,,JDKF,6854.0,avrora,,
296,64.0,,JDKF,7459.0,avrora,,
297,64.0,,JDKF,7459.0,avrora,,
298,117.0,,JDKF,8104.0,avrora,,
299,147.0,,JDKF,8736.0,avrora,,
300,0.0,,JDKF,0.0,avrora,,
301,0.0,,JDKF,0.0,avrora,,
302,17.0,,JDKF,690.0,avrora,,
303,17.0,,JDKF,690.0,avrora,,
304,13.0,,JDKF,1812.0,avrora,,
305,13.0,,JDKF,1812.0,avrora,,
306,125.0,,JDKF,2755.0,avrora,,
307,20.0,,JDKF,3672.0,avrora,,
308,107.0,,JDKF,4317.0,avrora,,
309,107.0,,JDKF,4317.0,avrora,,
310,62.0,,JDKF,4986.0,avrora,,
311,62.0,,JDKF,4986.0,avrora,,
312,103.0,,JDKF,5685.0,avrora,,
313,117.0,,JDKF,6328.0,avrora,,
314,85.0,,JDKF,6997.0,avrora,,
315,85.0,,JDKF,6997.0,avrora,,
316,97.0,,JDKF,7616.0,avrora,,
317,97.0,,JDKF,7616.0,avrora,,
318,105.0,,JDKF,8263.0,avrora,,
319,114.0,,JDKF,8867.0,avrora,,
0,0.0,100.0,JDK1-1-3,0.0,avrora,100.0,100.0
1,0.0,100.0,JDK1-1-3,0.0,avrora,100.0,100.0
2,48.0,100.0,JDK1-1-3,39819.0,avrora,100.0,100.0
3,48.0,100.0,JDK1-1-3,39819.0,avrora,100.0,100.0
4,36.0,100.0,JDK1-1-3,41192.0,avrora,100.0,100.0
5,36.0,100.0,JDK1-1-3,41192.0,avrora,100.0,100.0
6,35.0,100.0,JDK1-1-3,43284.0,avrora,100.0,100.0
7,35.0,100.0,JDK1-1-3,43284.0,avrora,100.0,100.0
8,92.0,100.0,JDK1-1-3,43950.0,avrora,100.0,100.0
9,92.0,100.0,JDK1-1-3,43950.0,avrora,100.0,100.0
10,51.0,100.0,JDK1-1-3,44629.0,avrora,100.0,100.0
11,51.0,100.0,JDK1-1-3,44629.0,avrora,100.0,100.0
12,103.0,100.0,JDK1-1-3,45945.0,avrora,100.0,100.0
13,103.0,100.0,JDK1-1-3,45945.0,avrora,100.0,100.0
14,47.0,100.0,JDK1-1-3,46623.0,avrora,100.0,100.0
15,47.0,100.0,JDK1-1-3,46623.0,avrora,100.0,100.0
16,105.0,100.0,JDK1-1-3,47257.0,avrora,100.0,100.0
17,105.0,100.0,JDK1-1-3,47257.0,avrora,100.0,100.0
18,98.0,100.0,JDK1-1-3,48564.0,avrora,100.0,100.0
19,98.0,100.0,JDK1-1-3,48564.0,avrora,100.0,100.0
20,0.0,100.0,JDK1-1-3,0.0,avrora,100.0,100.0
21,0.0,100.0,JDK1-1-3,0.0,avrora,100.0,100.0
22,50.0,100.0,JDK1-1-3,16207.0,avrora,100.0,100.0
23,50.0,100.0,JDK1-1-3,16207.0,avrora,100.0,100.0
24,37.0,100.0,JDK1-1-3,17564.0,avrora,100.0,100.0
25,37.0,100.0,JDK1-1-3,17564.0,avrora,100.0,100.0
26,36.0,100.0,JDK1-1-3,19479.0,avrora,100.0,100.0
27,36.0,100.0,JDK1-1-3,19479.0,avrora,100.0,100.0
28,90.0,100.0,JDK1-1-3,20098.0,avrora,100.0,100.0
29,90.0,100.0,JDK1-1-3,20098.0,avrora,100.0,100.0
30,43.0,100.0,JDK1-1-3,20720.0,avrora,100.0,100.0
31,43.0,100.0,JDK1-1-3,20720.0,avrora,100.0,100.0
32,99.0,100.0,JDK1-1-3,21985.0,avrora,100.0,100.0
33,99.0,100.0,JDK1-1-3,21985.0,avrora,100.0,100.0
34,45.0,100.0,JDK1-1-3,22586.0,avrora,100.0,100.0
35,45.0,100.0,JDK1-1-3,22586.0,avrora,100.0,100.0
36,93.0,100.0,JDK1-1-3,23190.0,avrora,100.0,100.0
37,93.0,100.0,JDK1-1-3,23190.0,avrora,100.0,100.0
38,98.0,100.0,JDK1-1-3,24383.0,avrora,100.0,100.0
39,98.0,100.0,JDK1-1-3,24383.0,avrora,100.0,100.0
40,0.0,100.0,JDK1-1-3,0.0,avrora,100.0,100.0
41,0.0,100.0,JDK1-1-3,0.0,avrora,100.0,100.0
42,0.0,100.0,JDK1-1-3,21727.0,avrora,100.0,100.0
43,0.0,100.0,JDK1-1-3,21727.0,avrora,100.0,100.0
44,24.0,100.0,JDK1-1-3,22956.0,avrora,100.0,100.0
45,24.0,100.0,JDK1-1-3,22956.0,avrora,100.0,100.0
46,34.0,100.0,JDK1-1-3,25081.0,avrora,100.0,100.0
47,34.0,100.0,JDK1-1-3,25081.0,avrora,100.0,100.0
48,90.0,100.0,JDK1-1-3,25742.0,avrora,100.0,100.0
49,90.0,100.0,JDK1-1-3,25742.0,avrora,100.0,100.0
50,31.0,100.0,JDK1-1-3,26383.0,avrora,100.0,100.0
51,31.0,100.0,JDK1-1-3,26383.0,avrora,100.0,100.0
52,98.0,100.0,JDK1-1-3,27657.0,avrora,100.0,100.0
53,98.0,100.0,JDK1-1-3,27657.0,avrora,100.0,100.0
54,72.0,100.0,JDK1-1-3,28297.0,avrora,100.0,100.0
55,72.0,100.0,JDK1-1-3,28297.0,avrora,100.0,100.0
56,92.0,100.0,JDK1-1-3,28909.0,avrora,100.0,100.0
57,92.0,100.0,JDK1-1-3,28909.0,avrora,100.0,100.0
58,94.0,100.0,JDK1-1-3,30145.0,avrora,100.0,100.0
59,94.0,100.0,JDK1-1-3,30145.0,avrora,100.0,100.0
60,0.0,100.0,JDK1-1-3,0.0,avrora,100.0,100.0
61,0.0,100.0,JDK1-1-3,0.0,avrora,100.0,100.0
62,0.0,100.0,JDK1-1-3,16374.0,avrora,100.0,100.0
63,0.0,100.0,JDK1-1-3,16374.0,avrora,100.0,100.0
64,24.0,100.0,JDK1-1-3,17690.0,avrora,100.0,100.0
65,24.0,100.0,JDK1-1-3,17690.0,avrora,100.0,100.0
66,33.0,100.0,JDK1-1-3,19754.0,avrora,100.0,100.0
67,33.0,100.0,JDK1-1-3,19754.0,avrora,100.0,100.0
68,85.0,100.0,JDK1-1-3,20440.0,avrora,100.0,100.0
69,85.0,100.0,JDK1-1-3,20440.0,avrora,100.0,100.0
70,32.0,100.0,JDK1-1-3,21111.0,avrora,100.0,100.0
71,32.0,100.0,JDK1-1-3,21111.0,avrora,100.0,100.0
72,88.0,100.0,JDK1-1-3,22438.0,avrora,100.0,100.0
73,88.0,100.0,JDK1-1-3,22438.0,avrora,100.0,100.0
74,52.0,100.0,JDK1-1-3,23101.0,avrora,100.0,100.0
75,52.0,100.0,JDK1-1-3,23101.0,avrora,100.0,100.0
76,71.0,100.0,JDK1-1-3,23727.0,avrora,100.0,100.0
77,71.0,100.0,JDK1-1-3,23727.0,avrora,100.0,100.0
78,87.0,100.0,JDK1-1-3,25056.0,avrora,100.0,100.0
79,87.0,100.0,JDK1-1-3,25056.0,avrora,100.0,100.0
80,0.0,100.0,JDK1-1-3,0.0,avrora,100.0,100.0
81,0.0,100.0,JDK1-1-3,0.0,avrora,100.0,100.0
82,88.0,100.0,JDK1-1-3,18713.0,avrora,100.0,100.0
83,88.0,100.0,JDK1-1-3,18713.0,avrora,100.0,100.0
84,32.0,100.0,JDK1-1-3,20348.0,avrora,100.0,100.0
85,32.0,100.0,JDK1-1-3,20348.0,avrora,100.0,100.0
86,36.0,100.0,JDK1-1-3,22324.0,avrora,100.0,100.0
87,36.0,100.0,JDK1-1-3,22324.0,avrora,100.0,100.0
88,93.0,100.0,JDK1-1-3,22928.0,avrora,100.0,100.0
89,93.0,100.0,JDK1-1-3,22928.0,avrora,100.0,100.0
90,42.0,100.0,JDK1-1-3,23562.0,avrora,100.0,100.0
91,42.0,100.0,JDK1-1-3,23562.0,avrora,100.0,100.0
92,109.0,100.0,JDK1-1-3,24762.0,avrora,100.0,100.0
93,109.0,100.0,JDK1-1-3,24762.0,avrora,100.0,100.0
94,53.0,100.0,JDK1-1-3,25348.0,avrora,100.0,100.0
95,53.0,100.0,JDK1-1-3,25348.0,avrora,100.0,100.0
96,105.0,100.0,JDK1-1-3,25924.0,avrora,100.0,100.0
97,105.0,100.0,JDK1-1-3,25924.0,avrora,100.0,100.0
98,95.0,100.0,JDK1-1-3,27101.0,avrora,100.0,100.0
99,95.0,100.0,JDK1-1-3,27101.0,avrora,100.0,100.0
100,0.0,100.0,JDK1-1-3,0.0,avrora,100.0,100.0
101,0.0,100.0,JDK1-1-3,0.0,avrora,100.0,100.0
102,47.0,100.0,JDK1-1-3,37235.0,avrora,100.0,100.0
103,47.0,100.0,JDK1-1-3,37235.0,avrora,100.0,100.0
104,25.0,100.0,JDK1-1-3,38487.0,avrora,100.0,100.0
105,25.0,100.0,JDK1-1-3,38487.0,avrora,100.0,100.0
106,27.0,100.0,JDK1-1-3,40510.0,avrora,100.0,100.0
107,27.0,100.0,JDK1-1-3,40510.0,avrora,100.0,100.0
108,3.0,100.0,JDK1-1-3,41177.0,avrora,100.0,100.0
109,3.0,100.0,JDK1-1-3,41177.0,avrora,100.0,100.0
110,30.0,100.0,JDK1-1-3,41838.0,avrora,100.0,100.0
111,30.0,100.0,JDK1-1-3,41838.0,avrora,100.0,100.0
112,68.0,100.0,JDK1-1-3,43106.0,avrora,100.0,100.0
113,68.0,100.0,JDK1-1-3,43106.0,avrora,100.0,100.0
114,37.0,100.0,JDK1-1-3,43732.0,avrora,100.0,100.0
115,37.0,100.0,JDK1-1-3,43732.0,avrora,100.0,100.0
116,66.0,100.0,JDK1-1-3,44346.0,avrora,100.0,100.0
117,66.0,100.0,JDK1-1-3,44346.0,avrora,100.0,100.0
118,68.0,100.0,JDK1-1-3,45568.0,avrora,100.0,100.0
119,68.0,100.0,JDK1-1-3,45568.0,avrora,100.0,100.0
120,0.0,100.0,JDK1-1-3,0.0,avrora,100.0,100.0
121,0.0,100.0,JDK1-1-3,0.0,avrora,100.0,100.0
122,42.0,100.0,JDK1-1-3,18037.0,avrora,100.0,12.5
123,42.0,100.0,JDK1-1-3,18037.0,avrora,100.0,12.5
124,24.0,100.0,JDK1-1-3,19403.0,avrora,100.0,100.0
125,24.0,100.0,JDK1-1-3,19403.0,avrora,100.0,100.0
126,31.0,100.0,JDK1-1-3,21290.0,avrora,100.0,100.0
127,31.0,100.0,JDK1-1-3,21290.0,avrora,100.0,100.0
128,3.0,100.0,JDK1-1-3,21933.0,avrora,100.0,100.0
129,3.0,100.0,JDK1-1-3,21933.0,avrora,100.0,100.0
130,27.0,100.0,JDK1-1-3,22553.0,avrora,100.0,100.0
131,27.0,100.0,JDK1-1-3,22553.0,avrora,100.0,100.0
132,67.0,100.0,JDK1-1-3,23838.0,avrora,100.0,100.0
133,67.0,100.0,JDK1-1-3,23838.0,avrora,100.0,100.0
134,38.0,100.0,JDK1-1-3,24452.0,avrora,100.0,100.0
135,38.0,100.0,JDK1-1-3,24452.0,avrora,100.0,100.0
136,65.0,100.0,JDK1-1-3,25053.0,avrora,100.0,100.0
137,65.0,100.0,JDK1-1-3,25053.0,avrora,100.0,100.0
138,77.0,100.0,JDK1-1-3,26298.0,avrora,100.0,100.0
139,77.0,100.0,JDK1-1-3,26298.0,avrora,100.0,100.0
140,0.0,0.0,JDK1-1-3,0.0,avrora,100.0,100.0
141,0.0,100.0,JDK1-1-3,0.0,avrora,100.0,100.0
142,0.0,100.0,JDK1-1-3,0.0,avrora,100.0,100.0
143,72.0,100.0,JDK1-1-3,20521.0,avrora,100.0,100.0
144,72.0,100.0,JDK1-1-3,20521.0,avrora,100.0,100.0
145,41.0,100.0,JDK1-1-3,21962.0,avrora,100.0,100.0
146,41.0,100.0,JDK1-1-3,21962.0,avrora,100.0,100.0
147,40.0,100.0,JDK1-1-3,24088.0,avrora,100.0,100.0
148,40.0,100.0,JDK1-1-3,24088.0,avrora,100.0,100.0
149,81.0,100.0,JDK1-1-3,24817.0,avrora,100.0,100.0
150,81.0,100.0,JDK1-1-3,24817.0,avrora,100.0,100.0
151,30.0,100.0,JDK1-1-3,25500.0,avrora,100.0,100.0
152,30.0,100.0,JDK1-1-3,25500.0,avrora,100.0,100.0
153,97.0,100.0,JDK1-1-3,26874.0,avrora,100.0,100.0
154,97.0,100.0,JDK1-1-3,26874.0,avrora,100.0,100.0
155,79.0,100.0,JDK1-1-3,27526.0,avrora,100.0,12.5
156,79.0,100.0,JDK1-1-3,27526.0,avrora,100.0,12.5
157,92.0,100.0,JDK1-1-3,28202.0,avrora,100.0,100.0
158,92.0,100.0,JDK1-1-3,28202.0,avrora,100.0,100.0
159,92.0,100.0,JDK1-1-3,29513.0,avrora,100.0,100.0
160,92.0,100.0,JDK1-1-3,29513.0,avrora,100.0,100.0
161,0.0,100.0,JDK1-1-3,0.0,avrora,100.0,100.0
162,0.0,100.0,JDK1-1-3,0.0,avrora,100.0,100.0
163,50.0,100.0,JDK1-1-3,21878.0,avrora,100.0,100.0
164,50.0,100.0,JDK1-1-3,21878.0,avrora,100.0,100.0
165,34.0,100.0,JDK1-1-3,25352.0,avrora,100.0,100.0
166,34.0,100.0,JDK1-1-3,25352.0,avrora,100.0,100.0
167,39.0,100.0,JDK1-1-3,27363.0,avrora,100.0,100.0
168,39.0,100.0,JDK1-1-3,27363.0,avrora,100.0,100.0
169,86.0,100.0,JDK1-1-3,28018.0,avrora,100.0,100.0
170,86.0,100.0,JDK1-1-3,28018.0,avrora,100.0,100.0
171,22.0,100.0,JDK1-1-3,28668.0,avrora,100.0,100.0
172,22.0,100.0,JDK1-1-3,28668.0,avrora,100.0,100.0
173,101.0,100.0,JDK1-1-3,29943.0,avrora,100.0,100.0
174,101.0,100.0,JDK1-1-3,29943.0,avrora,100.0,100.0
175,45.0,100.0,JDK1-1-3,30584.0,avrora,100.0,100.0
176,45.0,100.0,JDK1-1-3,30584.0,avrora,100.0,100.0
177,97.0,100.0,JDK1-1-3,31215.0,avrora,100.0,100.0
178,97.0,100.0,JDK1-1-3,31215.0,avrora,100.0,100.0
179,108.0,100.0,JDK1-1-3,32465.0,avrora,100.0,100.0
180,108.0,100.0,JDK1-1-3,32465.0,avrora,100.0,100.0
181,0.0,100.0,JDK1-1-3,0.0,avrora,100.0,100.0
182,0.0,100.0,JDK1-1-3,0.0,avrora,100.0,100.0
183,0.0,100.0,JDK1-1-3,14209.0,avrora,100.0,100.0
184,0.0,100.0,JDK1-1-3,14209.0,avrora,100.0,100.0
185,83.0,100.0,JDK1-1-3,15462.0,avrora,100.0,100.0
186,83.0,100.0,JDK1-1-3,15462.0,avrora,100.0,100.0
187,125.0,100.0,JDK1-1-3,17545.0,avrora,100.0,100.0
188,125.0,100.0,JDK1-1-3,17545.0,avrora,100.0,100.0
189,89.0,100.0,JDK1-1-3,18195.0,avrora,100.0,100.0
190,89.0,100.0,JDK1-1-3,18195.0,avrora,100.0,100.0
191,36.0,100.0,JDK1-1-3,18914.0,avrora,100.0,100.0
192,36.0,100.0,JDK1-1-3,18914.0,avrora,100.0,100.0
193,108.0,100.0,JDK1-1-3,20165.0,avrora,100.0,100.0
194,108.0,100.0,JDK1-1-3,20165.0,avrora,100.0,100.0
195,49.0,100.0,JDK1-1-3,20801.0,avrora,100.0,100.0
196,49.0,100.0,JDK1-1-3,20801.0,avrora,100.0,100.0
197,98.0,100.0,JDK1-1-3,21413.0,avrora,100.0,100.0
198,98.0,100.0,JDK1-1-3,21413.0,avrora,100.0,100.0
199,118.0,100.0,JDK1-1-3,22619.0,avrora,100.0,100.0
200,118.0,100.0,JDK1-1-3,22619.0,avrora,100.0,100.0
201,0.0,100.0,JDK1-1-3,0.0,avrora,100.0,100.0
202,0.0,100.0,JDK1-1-3,0.0,avrora,100.0,100.0
203,72.0,100.0,JDK1-1-3,28019.0,avrora,100.0,100.0
204,72.0,100.0,JDK1-1-3,28019.0,avrora,100.0,100.0
205,34.0,100.0,JDK1-1-3,29246.0,avrora,100.0,100.0
206,34.0,100.0,JDK1-1-3,29246.0,avrora,100.0,100.0
207,36.0,100.0,JDK1-1-3,31311.0,avrora,100.0,100.0
208,36.0,100.0,JDK1-1-3,31311.0,avrora,100.0,100.0
209,91.0,100.0,JDK1-1-3,31941.0,avrora,100.0,100.0
210,91.0,100.0,JDK1-1-3,31941.0,avrora,100.0,100.0
211,32.0,100.0,JDK1-1-3,32624.0,avrora,100.0,100.0
212,32.0,100.0,JDK1-1-3,32624.0,avrora,100.0,100.0
213,76.0,100.0,JDK1-1-3,33912.0,avrora,100.0,100.0
214,76.0,100.0,JDK1-1-3,33912.0,avrora,100.0,100.0
215,55.0,100.0,JDK1-1-3,34540.0,avrora,100.0,100.0
216,55.0,100.0,JDK1-1-3,34540.0,avrora,100.0,100.0
217,74.0,100.0,JDK1-1-3,35155.0,avrora,100.0,100.0
218,74.0,100.0,JDK1-1-3,35155.0,avrora,100.0,100.0
219,79.0,100.0,JDK1-1-3,36428.0,avrora,100.0,100.0
220,79.0,100.0,JDK1-1-3,36428.0,avrora,100.0,100.0
221,0.0,100.0,JDK1-1-3,0.0,avrora,100.0,100.0
222,0.0,100.0,JDK1-1-3,0.0,avrora,100.0,100.0
223,101.0,100.0,JDK1-1-3,18855.0,avrora,100.0,100.0
224,101.0,100.0,JDK1-1-3,18855.0,avrora,100.0,100.0
225,39.0,100.0,JDK1-1-3,20146.0,avrora,100.0,100.0
226,39.0,100.0,JDK1-1-3,20146.0,avrora,100.0,100.0
227,96.0,100.0,JDK1-1-3,22235.0,avrora,100.0,100.0
228,96.0,100.0,JDK1-1-3,22235.0,avrora,100.0,100.0
229,75.0,100.0,JDK1-1-3,22865.0,avrora,100.0,100.0
230,75.0,100.0,JDK1-1-3,22865.0,avrora,100.0,100.0
231,86.0,100.0,JDK1-1-3,23674.0,avrora,100.0,100.0
232,86.0,100.0,JDK1-1-3,23674.0,avrora,100.0,100.0
233,157.0,100.0,JDK1-1-3,24941.0,avrora,100.0,100.0
234,157.0,100.0,JDK1-1-3,24941.0,avrora,100.0,100.0
235,157.0,100.0,JDK1-1-3,25250.0,avrora,100.0,100.0
236,157.0,100.0,JDK1-1-3,25250.0,avrora,100.0,100.0
237,132.0,100.0,JDK1-1-3,25556.0,avrora,100.0,100.0
238,132.0,100.0,JDK1-1-3,25556.0,avrora,100.0,100.0
239,35.0,100.0,JDK1-1-3,26193.0,avrora,100.0,100.0
240,35.0,100.0,JDK1-1-3,26193.0,avrora,100.0,100.0
241,112.0,100.0,JDK1-1-3,26508.0,avrora,100.0,100.0
242,112.0,100.0,JDK1-1-3,26508.0,avrora,100.0,100.0
243,101.0,100.0,JDK1-1-3,26806.0,avrora,100.0,100.0
244,101.0,100.0,JDK1-1-3,26806.0,avrora,100.0,100.0
245,104.0,100.0,JDK1-1-3,27434.0,avrora,100.0,100.0
246,104.0,100.0,JDK1-1-3,27434.0,avrora,100.0,100.0
247,134.0,100.0,JDK1-1-3,27736.0,avrora,100.0,100.0
248,134.0,100.0,JDK1-1-3,27736.0,avrora,100.0,100.0
249,0.0,100.0,JDK1-1-3,0.0,avrora,100.0,100.0
250,0.0,100.0,JDK1-1-3,0.0,avrora,100.0,100.0
251,83.0,100.0,JDK1-1-3,27768.0,avrora,100.0,100.0
252,83.0,100.0,JDK1-1-3,27768.0,avrora,100.0,100.0
253,32.0,100.0,JDK1-1-3,29102.0,avrora,100.0,100.0
254,32.0,100.0,JDK1-1-3,29102.0,avrora,100.0,100.0
255,35.0,100.0,JDK1-1-3,31119.0,avrora,100.0,100.0
256,35.0,100.0,JDK1-1-3,31119.0,avrora,100.0,100.0
257,84.0,100.0,JDK1-1-3,31744.0,avrora,100.0,100.0
258,84.0,100.0,JDK1-1-3,31744.0,avrora,100.0,100.0
259,32.0,100.0,JDK1-1-3,32490.0,avrora,100.0,100.0
260,32.0,100.0,JDK1-1-3,32490.0,avrora,100.0,100.0
261,82.0,100.0,JDK1-1-3,33741.0,avrora,100.0,100.0
262,82.0,100.0,JDK1-1-3,33741.0,avrora,100.0,100.0
263,37.0,100.0,JDK1-1-3,34374.0,avrora,100.0,100.0
264,37.0,100.0,JDK1-1-3,34374.0,avrora,100.0,100.0
265,81.0,100.0,JDK1-1-3,34971.0,avrora,100.0,12.5
266,81.0,100.0,JDK1-1-3,34971.0,avrora,100.0,12.5
267,83.0,100.0,JDK1-1-3,36208.0,avrora,100.0,100.0
268,83.0,100.0,JDK1-1-3,36208.0,avrora,100.0,100.0
269,0.0,100.0,JDK1-1-3,0.0,avrora,100.0,100.0
270,0.0,100.0,JDK1-1-3,0.0,avrora,100.0,100.0
271,61.0,100.0,JDK1-1-3,14939.0,avrora,100.0,100.0
272,61.0,100.0,JDK1-1-3,14939.0,avrora,100.0,100.0
273,36.0,100.0,JDK1-1-3,16208.0,avrora,100.0,100.0
274,36.0,100.0,JDK1-1-3,16208.0,avrora,100.0,100.0
275,35.0,100.0,JDK1-1-3,18252.0,avrora,100.0,100.0
276,35.0,100.0,JDK1-1-3,18252.0,avrora,100.0,100.0
277,89.0,100.0,JDK1-1-3,18920.0,avrora,100.0,100.0
278,89.0,100.0,JDK1-1-3,18920.0,avrora,100.0,100.0
279,27.0,100.0,JDK1-1-3,19609.0,avrora,100.0,100.0
280,27.0,100.0,JDK1-1-3,19609.0,avrora,100.0,100.0
281,95.0,100.0,JDK1-1-3,20957.0,avrora,100.0,100.0
282,95.0,100.0,JDK1-1-3,20957.0,avrora,100.0,100.0
283,37.0,100.0,JDK1-1-3,21639.0,avrora,100.0,100.0
284,37.0,100.0,JDK1-1-3,21639.0,avrora,100.0,100.0
285,84.0,100.0,JDK1-1-3,22317.0,avrora,100.0,100.0
286,84.0,100.0,JDK1-1-3,22317.0,avrora,100.0,100.0
287,97.0,100.0,JDK1-1-3,23529.0,avrora,100.0,100.0
288,97.0,100.0,JDK1-1-3,23529.0,avrora,100.0,100.0
289,0.0,100.0,JDK1-1-3,0.0,avrora,100.0,100.0
290,0.0,100.0,JDK1-1-3,0.0,avrora,100.0,100.0
291,46.0,100.0,JDK1-1-3,19543.0,avrora,100.0,12.5
292,46.0,100.0,JDK1-1-3,19543.0,avrora,100.0,12.5
293,23.0,100.0,JDK1-1-3,20832.0,avrora,100.0,100.0
294,23.0,100.0,JDK1-1-3,20832.0,avrora,100.0,100.0
295,35.0,100.0,JDK1-1-3,22910.0,avrora,100.0,100.0
296,35.0,100.0,JDK1-1-3,22910.0,avrora,100.0,100.0
297,78.0,100.0,JDK1-1-3,23528.0,avrora,100.0,100.0
298,78.0,100.0,JDK1-1-3,23528.0,avrora,100.0,100.0
299,29.0,100.0,JDK1-1-3,24161.0,avrora,100.0,100.0
300,29.0,100.0,JDK1-1-3,24161.0,avrora,100.0,100.0
301,97.0,100.0,JDK1-1-3,25439.0,avrora,100.0,100.0
302,97.0,100.0,JDK1-1-3,25439.0,avrora,100.0,100.0
303,32.0,100.0,JDK1-1-3,26057.0,avrora,100.0,100.0
304,32.0,100.0,JDK1-1-3,26057.0,avrora,100.0,100.0
305,79.0,100.0,JDK1-1-3,26677.0,avrora,100.0,100.0
306,79.0,100.0,JDK1-1-3,26677.0,avrora,100.0,100.0
307,89.0,100.0,JDK1-1-3,27928.0,avrora,100.0,100.0
308,89.0,100.0,JDK1-1-3,27928.0,avrora,100.0,100.0
309,0.0,100.0,JDK1-1-3,0.0,avrora,100.0,100.0
310,0.0,100.0,JDK1-1-3,0.0,avrora,100.0,100.0
311,52.0,100.0,JDK1-1-3,26232.0,avrora,100.0,100.0
312,52.0,100.0,JDK1-1-3,26232.0,avrora,100.0,100.0
313,38.0,100.0,JDK1-1-3,27705.0,avrora,100.0,100.0
314,38.0,100.0,JDK1-1-3,27705.0,avrora,100.0,100.0
315,67.0,100.0,JDK1-1-3,29772.0,avrora,100.0,100.0
316,67.0,100.0,JDK1-1-3,29772.0,avrora,100.0,100.0
317,133.0,100.0,JDK1-1-3,30428.0,avrora,100.0,100.0
318,133.0,100.0,JDK1-1-3,30428.0,avrora,100.0,100.0
319,81.0,100.0,JDK1-1-3,31069.0,avrora,100.0,100.0
320,81.0,100.0,JDK1-1-3,31069.0,avrora,100.0,100.0
321,112.0,100.0,JDK1-1-3,32350.0,avrora,100.0,100.0
322,112.0,100.0,JDK1-1-3,32350.0,avrora,100.0,100.0
323,90.0,100.0,JDK1-1-3,32651.0,avrora,100.0,100.0
324,90.0,100.0,JDK1-1-3,32651.0,avrora,100.0,100.0
325,149.0,100.0,JDK1-1-3,32958.0,avrora,100.0,100.0
326,149.0,100.0,JDK1-1-3,32958.0,avrora,100.0,100.0
327,55.0,100.0,JDK1-1-3,33587.0,avrora,100.0,100.0
328,55.0,100.0,JDK1-1-3,33587.0,avrora,100.0,100.0
329,82.0,100.0,JDK1-1-3,33909.0,avrora,100.0,100.0
330,82.0,100.0,JDK1-1-3,33909.0,avrora,100.0,100.0
331,146.0,100.0,JDK1-1-3,34191.0,avrora,100.0,100.0
332,146.0,100.0,JDK1-1-3,34191.0,avrora,100.0,100.0
333,159.0,100.0,JDK1-1-3,34799.0,avrora,100.0,100.0
334,159.0,100.0,JDK1-1-3,34799.0,avrora,100.0,100.0
335,65.0,100.0,JDK1-1-3,35100.0,avrora,100.0,100.0
336,65.0,100.0,JDK1-1-3,35100.0,avrora,100.0,100.0
0,0.0,100.0,JDK8-9-9,0.0,avrora,100.0,100.0
1,0.0,100.0,JDK8-9-9,0.0,avrora,100.0,100.0
2,47.0,100.0,JDK8-9-9,808.0,avrora,100.0,100.0
3,47.0,100.0,JDK8-9-9,808.0,avrora,100.0,100.0
4,42.0,100.0,JDK8-9-9,1979.0,avrora,100.0,100.0
5,42.0,100.0,JDK8-9-9,1979.0,avrora,100.0,100.0
6,34.0,100.0,JDK8-9-9,4354.0,avrora,100.0,100.0
7,34.0,100.0,JDK8-9-9,4354.0,avrora,100.0,100.0
8,111.0,100.0,JDK8-9-9,5038.0,avrora,100.0,100.0
9,111.0,100.0,JDK8-9-9,5038.0,avrora,100.0,100.0
10,31.0,100.0,JDK8-9-9,5709.0,avrora,100.0,100.0
11,31.0,100.0,JDK8-9-9,5709.0,avrora,100.0,100.0
12,104.0,100.0,JDK8-9-9,7098.0,avrora,100.0,100.0
13,104.0,100.0,JDK8-9-9,7098.0,avrora,100.0,100.0
14,54.0,100.0,JDK8-9-9,7790.0,avrora,100.0,100.0
15,54.0,100.0,JDK8-9-9,7790.0,avrora,100.0,100.0
16,80.0,100.0,JDK8-9-9,8431.0,avrora,100.0,100.0
17,80.0,100.0,JDK8-9-9,8431.0,avrora,100.0,100.0
18,0.0,100.0,JDK8-9-9,0.0,avrora,100.0,100.0
19,0.0,100.0,JDK8-9-9,0.0,avrora,100.0,100.0
20,64.0,100.0,JDK8-9-9,786.0,avrora,100.0,100.0
21,64.0,100.0,JDK8-9-9,786.0,avrora,100.0,100.0
22,30.0,100.0,JDK8-9-9,2082.0,avrora,100.0,100.0
23,30.0,100.0,JDK8-9-9,2082.0,avrora,100.0,100.0
24,130.0,100.0,JDK8-9-9,4294.0,avrora,100.0,100.0
25,130.0,100.0,JDK8-9-9,4294.0,avrora,100.0,100.0
26,126.0,100.0,JDK8-9-9,5011.0,avrora,100.0,100.0
27,126.0,100.0,JDK8-9-9,5011.0,avrora,100.0,100.0
28,97.0,100.0,JDK8-9-9,5721.0,avrora,100.0,100.0
29,97.0,100.0,JDK8-9-9,5721.0,avrora,100.0,100.0
30,134.0,100.0,JDK8-9-9,7116.0,avrora,100.0,100.0
31,134.0,100.0,JDK8-9-9,7116.0,avrora,100.0,100.0
32,148.0,100.0,JDK8-9-9,7799.0,avrora,100.0,100.0
33,148.0,100.0,JDK8-9-9,7799.0,avrora,100.0,100.0
34,129.0,100.0,JDK8-9-9,8490.0,avrora,100.0,100.0
35,129.0,100.0,JDK8-9-9,8490.0,avrora,100.0,100.0
36,0.0,100.0,JDK8-9-9,0.0,avrora,100.0,100.0
37,0.0,100.0,JDK8-9-9,0.0,avrora,100.0,100.0
38,45.0,100.0,JDK8-9-9,795.0,avrora,100.0,100.0
39,45.0,100.0,JDK8-9-9,795.0,avrora,100.0,100.0
40,39.0,100.0,JDK8-9-9,1901.0,avrora,100.0,100.0
41,39.0,100.0,JDK8-9-9,1901.0,avrora,100.0,100.0
42,98.0,100.0,JDK8-9-9,4011.0,avrora,100.0,100.0
43,98.0,100.0,JDK8-9-9,4011.0,avrora,100.0,100.0
44,169.0,100.0,JDK8-9-9,4699.0,avrora,100.0,100.0
45,169.0,100.0,JDK8-9-9,4699.0,avrora,100.0,100.0
46,39.0,100.0,JDK8-9-9,5365.0,avrora,100.0,100.0
47,39.0,100.0,JDK8-9-9,5365.0,avrora,100.0,100.0
48,100.0,100.0,JDK8-9-9,6688.0,avrora,100.0,100.0
49,100.0,100.0,JDK8-9-9,6688.0,avrora,100.0,100.0
50,75.0,100.0,JDK8-9-9,7327.0,avrora,100.0,100.0
51,75.0,100.0,JDK8-9-9,7327.0,avrora,100.0,100.0
52,94.0,100.0,JDK8-9-9,7985.0,avrora,100.0,100.0
53,94.0,100.0,JDK8-9-9,7985.0,avrora,100.0,100.0
54,96.0,100.0,JDK8-9-9,9242.0,avrora,100.0,100.0
55,96.0,100.0,JDK8-9-9,9242.0,avrora,100.0,100.0
56,0.0,100.0,JDK8-9-9,0.0,avrora,100.0,100.0
57,0.0,100.0,JDK8-9-9,0.0,avrora,100.0,100.0
58,64.0,100.0,JDK8-9-9,788.0,avrora,100.0,100.0
59,64.0,100.0,JDK8-9-9,788.0,avrora,100.0,100.0
60,36.0,100.0,JDK8-9-9,2101.0,avrora,100.0,100.0
61,36.0,100.0,JDK8-9-9,2101.0,avrora,100.0,100.0
62,105.0,100.0,JDK8-9-9,4040.0,avrora,100.0,100.0
63,105.0,100.0,JDK8-9-9,4040.0,avrora,100.0,100.0
64,70.0,100.0,JDK8-9-9,4738.0,avrora,100.0,100.0
65,70.0,100.0,JDK8-9-9,4738.0,avrora,100.0,100.0
66,79.0,100.0,JDK8-9-9,5424.0,avrora,100.0,100.0
67,79.0,100.0,JDK8-9-9,5424.0,avrora,100.0,100.0
68,83.0,100.0,JDK8-9-9,6725.0,avrora,100.0,100.0
69,83.0,100.0,JDK8-9-9,6725.0,avrora,100.0,100.0
70,139.0,100.0,JDK8-9-9,7021.0,avrora,100.0,100.0
71,139.0,100.0,JDK8-9-9,7021.0,avrora,100.0,100.0
72,142.0,100.0,JDK8-9-9,7314.0,avrora,100.0,100.0
73,142.0,100.0,JDK8-9-9,7314.0,avrora,100.0,100.0
74,37.0,100.0,JDK8-9-9,7963.0,avrora,100.0,100.0
75,37.0,100.0,JDK8-9-9,7963.0,avrora,100.0,100.0
76,131.0,100.0,JDK8-9-9,8292.0,avrora,100.0,100.0
77,131.0,100.0,JDK8-9-9,8292.0,avrora,100.0,100.0
78,95.0,100.0,JDK8-9-9,8595.0,avrora,100.0,100.0
79,95.0,100.0,JDK8-9-9,8595.0,avrora,100.0,100.0
80,100.0,100.0,JDK8-9-9,9202.0,avrora,100.0,100.0
81,100.0,100.0,JDK8-9-9,9202.0,avrora,100.0,100.0
82,0.0,100.0,JDK8-9-9,0.0,avrora,100.0,100.0
83,0.0,100.0,JDK8-9-9,0.0,avrora,100.0,100.0
84,42.0,100.0,JDK8-9-9,805.0,avrora,100.0,100.0
85,42.0,100.0,JDK8-9-9,805.0,avrora,100.0,100.0
86,34.0,100.0,JDK8-9-9,2099.0,avrora,100.0,100.0
87,34.0,100.0,JDK8-9-9,2099.0,avrora,100.0,100.0
88,34.0,100.0,JDK8-9-9,4237.0,avrora,100.0,100.0
89,34.0,100.0,JDK8-9-9,4237.0,avrora,100.0,100.0
90,92.0,100.0,JDK8-9-9,4919.0,avrora,100.0,100.0
91,92.0,100.0,JDK8-9-9,4919.0,avrora,100.0,100.0
92,27.0,100.0,JDK8-9-9,5579.0,avrora,100.0,100.0
93,27.0,100.0,JDK8-9-9,5579.0,avrora,100.0,100.0
94,76.0,100.0,JDK8-9-9,6863.0,avrora,100.0,100.0
95,76.0,100.0,JDK8-9-9,6863.0,avrora,100.0,100.0
96,50.0,100.0,JDK8-9-9,7532.0,avrora,100.0,100.0
97,50.0,100.0,JDK8-9-9,7532.0,avrora,100.0,100.0
98,72.0,100.0,JDK8-9-9,8196.0,avrora,100.0,100.0
99,72.0,100.0,JDK8-9-9,8196.0,avrora,100.0,100.0
100,77.0,100.0,JDK8-9-9,9526.0,avrora,100.0,100.0
101,77.0,100.0,JDK8-9-9,9526.0,avrora,100.0,100.0
102,0.0,100.0,JDK8-9-9,0.0,avrora,100.0,100.0
103,0.0,100.0,JDK8-9-9,0.0,avrora,100.0,100.0
104,53.0,100.0,JDK8-9-9,789.0,avrora,100.0,100.0
105,53.0,100.0,JDK8-9-9,789.0,avrora,100.0,100.0
106,25.0,100.0,JDK8-9-9,1910.0,avrora,100.0,100.0
107,25.0,100.0,JDK8-9-9,1910.0,avrora,100.0,100.0
108,27.0,100.0,JDK8-9-9,4294.0,avrora,100.0,100.0
109,27.0,100.0,JDK8-9-9,4294.0,avrora,100.0,100.0
110,3.0,100.0,JDK8-9-9,4995.0,avrora,100.0,100.0
111,3.0,100.0,JDK8-9-9,4995.0,avrora,100.0,100.0
112,25.0,100.0,JDK8-9-9,5695.0,avrora,100.0,100.0
113,25.0,100.0,JDK8-9-9,5695.0,avrora,100.0,100.0
114,65.0,100.0,JDK8-9-9,7096.0,avrora,100.0,100.0
115,65.0,100.0,JDK8-9-9,7096.0,avrora,100.0,100.0
116,37.0,100.0,JDK8-9-9,7759.0,avrora,100.0,100.0
117,37.0,100.0,JDK8-9-9,7759.0,avrora,100.0,100.0
118,61.0,100.0,JDK8-9-9,8395.0,avrora,100.0,100.0
119,61.0,100.0,JDK8-9-9,8395.0,avrora,100.0,100.0
120,97.0,100.0,JDK8-9-9,9699.0,avrora,100.0,100.0
121,97.0,100.0,JDK8-9-9,9699.0,avrora,100.0,100.0
122,0.0,100.0,JDK8-9-9,0.0,avrora,100.0,100.0
123,0.0,100.0,JDK8-9-9,0.0,avrora,100.0,100.0
124,46.0,100.0,JDK8-9-9,826.0,avrora,100.0,100.0
125,46.0,100.0,JDK8-9-9,826.0,avrora,100.0,100.0
126,28.0,100.0,JDK8-9-9,1997.0,avrora,100.0,100.0
127,28.0,100.0,JDK8-9-9,1997.0,avrora,100.0,100.0
128,30.0,100.0,JDK8-9-9,4419.0,avrora,100.0,100.0
129,30.0,100.0,JDK8-9-9,4419.0,avrora,100.0,100.0
130,3.0,100.0,JDK8-9-9,5113.0,avrora,100.0,100.0
131,3.0,100.0,JDK8-9-9,5113.0,avrora,100.0,100.0
132,27.0,100.0,JDK8-9-9,5800.0,avrora,100.0,100.0
133,27.0,100.0,JDK8-9-9,5800.0,avrora,100.0,100.0
134,68.0,100.0,JDK8-9-9,7245.0,avrora,100.0,100.0
135,68.0,100.0,JDK8-9-9,7245.0,avrora,100.0,100.0
136,38.0,100.0,JDK8-9-9,7984.0,avrora,100.0,100.0
137,38.0,100.0,JDK8-9-9,7984.0,avrora,100.0,100.0
138,66.0,100.0,JDK8-9-9,8698.0,avrora,100.0,100.0
139,66.0,100.0,JDK8-9-9,8698.0,avrora,100.0,100.0
140,0.0,100.0,JDK8-9-9,0.0,avrora,100.0,100.0
141,0.0,100.0,JDK8-9-9,0.0,avrora,100.0,100.0
142,65.0,100.0,JDK8-9-9,791.0,avrora,100.0,100.0
143,65.0,100.0,JDK8-9-9,791.0,avrora,100.0,100.0
144,34.0,100.0,JDK8-9-9,1888.0,avrora,100.0,100.0
145,34.0,100.0,JDK8-9-9,1888.0,avrora,100.0,100.0
146,44.0,100.0,JDK8-9-9,4116.0,avrora,100.0,100.0
147,44.0,100.0,JDK8-9-9,4116.0,avrora,100.0,100.0
148,87.0,100.0,JDK8-9-9,4820.0,avrora,100.0,100.0
149,87.0,100.0,JDK8-9-9,4820.0,avrora,100.0,100.0
150,28.0,100.0,JDK8-9-9,5528.0,avrora,100.0,100.0
151,28.0,100.0,JDK8-9-9,5528.0,avrora,100.0,100.0
152,86.0,100.0,JDK8-9-9,6882.0,avrora,100.0,100.0
153,86.0,100.0,JDK8-9-9,6882.0,avrora,100.0,100.0
154,60.0,100.0,JDK8-9-9,7533.0,avrora,100.0,100.0
155,60.0,100.0,JDK8-9-9,7533.0,avrora,100.0,100.0
156,77.0,100.0,JDK8-9-9,8194.0,avrora,100.0,100.0
157,77.0,100.0,JDK8-9-9,8194.0,avrora,100.0,100.0
158,0.0,100.0,JDK8-9-9,0.0,avrora,100.0,100.0
159,0.0,100.0,JDK8-9-9,0.0,avrora,100.0,100.0
160,42.0,100.0,JDK8-9-9,809.0,avrora,100.0,100.0
161,42.0,100.0,JDK8-9-9,809.0,avrora,100.0,100.0
162,36.0,100.0,JDK8-9-9,1880.0,avrora,100.0,100.0
163,36.0,100.0,JDK8-9-9,1880.0,avrora,100.0,100.0
164,42.0,100.0,JDK8-9-9,4038.0,avrora,100.0,100.0
165,42.0,100.0,JDK8-9-9,4038.0,avrora,100.0,100.0
166,159.0,100.0,JDK8-9-9,4793.0,avrora,100.0,100.0
167,159.0,100.0,JDK8-9-9,4793.0,avrora,100.0,100.0
168,37.0,100.0,JDK8-9-9,5425.0,avrora,100.0,100.0
169,37.0,100.0,JDK8-9-9,5425.0,avrora,100.0,100.0
170,91.0,100.0,JDK8-9-9,6727.0,avrora,100.0,100.0
171,91.0,100.0,JDK8-9-9,6727.0,avrora,100.0,100.0
172,79.0,100.0,JDK8-9-9,7367.0,avrora,100.0,100.0
173,79.0,100.0,JDK8-9-9,7367.0,avrora,100.0,100.0
174,87.0,100.0,JDK8-9-9,7988.0,avrora,100.0,100.0
175,87.0,100.0,JDK8-9-9,7988.0,avrora,100.0,100.0
176,95.0,100.0,JDK8-9-9,9307.0,avrora,100.0,100.0
177,95.0,100.0,JDK8-9-9,9307.0,avrora,100.0,100.0
178,0.0,100.0,JDK8-9-9,0.0,avrora,100.0,100.0
179,0.0,100.0,JDK8-9-9,0.0,avrora,100.0,100.0
180,0.0,100.0,JDK8-9-9,800.0,avrora,100.0,100.0
181,0.0,100.0,JDK8-9-9,800.0,avrora,100.0,100.0
182,37.0,100.0,JDK8-9-9,1967.0,avrora,100.0,100.0
183,37.0,100.0,JDK8-9-9,1967.0,avrora,100.0,100.0
184,35.0,100.0,JDK8-9-9,4188.0,avrora,100.0,100.0
185,35.0,100.0,JDK8-9-9,4188.0,avrora,100.0,100.0
186,87.0,100.0,JDK8-9-9,4875.0,avrora,100.0,100.0
187,87.0,100.0,JDK8-9-9,4875.0,avrora,100.0,100.0
188,36.0,100.0,JDK8-9-9,5571.0,avrora,100.0,100.0
189,36.0,100.0,JDK8-9-9,5571.0,avrora,100.0,100.0
190,104.0,100.0,JDK8-9-9,6963.0,avrora,100.0,100.0
191,104.0,100.0,JDK8-9-9,6963.0,avrora,100.0,100.0
192,98.0,100.0,JDK8-9-9,7668.0,avrora,100.0,100.0
193,98.0,100.0,JDK8-9-9,7668.0,avrora,100.0,100.0
194,92.0,100.0,JDK8-9-9,8359.0,avrora,100.0,100.0
195,92.0,100.0,JDK8-9-9,8359.0,avrora,100.0,100.0
196,0.0,100.0,JDK8-9-9,0.0,avrora,100.0,100.0
197,0.0,100.0,JDK8-9-9,0.0,avrora,100.0,100.0
198,42.0,100.0,JDK8-9-9,811.0,avrora,100.0,12.5
199,42.0,100.0,JDK8-9-9,811.0,avrora,100.0,12.5
200,38.0,100.0,JDK8-9-9,1904.0,avrora,100.0,100.0
201,38.0,100.0,JDK8-9-9,1904.0,avrora,100.0,100.0
202,121.0,100.0,JDK8-9-9,3919.0,avrora,100.0,100.0
203,121.0,100.0,JDK8-9-9,3919.0,avrora,100.0,100.0
204,50.0,100.0,JDK8-9-9,4558.0,avrora,100.0,100.0
205,50.0,100.0,JDK8-9-9,4558.0,avrora,100.0,100.0
206,87.0,100.0,JDK8-9-9,5171.0,avrora,100.0,100.0
207,87.0,100.0,JDK8-9-9,5171.0,avrora,100.0,100.0
208,109.0,100.0,JDK8-9-9,6397.0,avrora,100.0,100.0
209,109.0,100.0,JDK8-9-9,6397.0,avrora,100.0,100.0
210,96.0,100.0,JDK8-9-9,6684.0,avrora,100.0,100.0
211,96.0,100.0,JDK8-9-9,6684.0,avrora,100.0,100.0
212,145.0,100.0,JDK8-9-9,6986.0,avrora,100.0,100.0
213,145.0,100.0,JDK8-9-9,6986.0,avrora,100.0,100.0
214,113.0,100.0,JDK8-9-9,7607.0,avrora,100.0,100.0
215,113.0,100.0,JDK8-9-9,7607.0,avrora,100.0,100.0
216,116.0,100.0,JDK8-9-9,7905.0,avrora,100.0,100.0
217,116.0,100.0,JDK8-9-9,7905.0,avrora,100.0,100.0
218,149.0,100.0,JDK8-9-9,8169.0,avrora,100.0,100.0
219,149.0,100.0,JDK8-9-9,8169.0,avrora,100.0,100.0
220,146.0,100.0,JDK8-9-9,8764.0,avrora,100.0,100.0
221,146.0,100.0,JDK8-9-9,8764.0,avrora,100.0,100.0
222,168.0,100.0,JDK8-9-9,9078.0,avrora,100.0,100.0
223,168.0,100.0,JDK8-9-9,9078.0,avrora,100.0,100.0
224,0.0,100.0,JDK8-9-9,0.0,avrora,100.0,100.0
225,0.0,100.0,JDK8-9-9,0.0,avrora,100.0,100.0
226,45.0,100.0,JDK8-9-9,529.0,avrora,100.0,100.0
227,45.0,100.0,JDK8-9-9,529.0,avrora,100.0,100.0
228,40.0,100.0,JDK8-9-9,1623.0,avrora,100.0,100.0
229,40.0,100.0,JDK8-9-9,1623.0,avrora,100.0,100.0
230,36.0,100.0,JDK8-9-9,3854.0,avrora,100.0,100.0
231,36.0,100.0,JDK8-9-9,3854.0,avrora,100.0,100.0
232,92.0,100.0,JDK8-9-9,4549.0,avrora,100.0,100.0
233,92.0,100.0,JDK8-9-9,4549.0,avrora,100.0,100.0
234,37.0,100.0,JDK8-9-9,5161.0,avrora,100.0,100.0
235,37.0,100.0,JDK8-9-9,5161.0,avrora,100.0,100.0
236,111.0,100.0,JDK8-9-9,6381.0,avrora,100.0,100.0
237,111.0,100.0,JDK8-9-9,6381.0,avrora,100.0,100.0
238,51.0,100.0,JDK8-9-9,7010.0,avrora,100.0,100.0
239,51.0,100.0,JDK8-9-9,7010.0,avrora,100.0,100.0
240,105.0,100.0,JDK8-9-9,7598.0,avrora,100.0,100.0
241,105.0,100.0,JDK8-9-9,7598.0,avrora,100.0,100.0
242,93.0,100.0,JDK8-9-9,8888.0,avrora,100.0,100.0
243,93.0,100.0,JDK8-9-9,8888.0,avrora,100.0,100.0
244,0.0,100.0,JDK8-9-9,0.0,avrora,100.0,100.0
245,0.0,100.0,JDK8-9-9,0.0,avrora,100.0,100.0
246,42.0,100.0,JDK8-9-9,849.0,avrora,100.0,100.0
247,42.0,100.0,JDK8-9-9,849.0,avrora,100.0,100.0
248,25.0,100.0,JDK8-9-9,2098.0,avrora,100.0,100.0
249,25.0,100.0,JDK8-9-9,2098.0,avrora,100.0,100.0
250,28.0,100.0,JDK8-9-9,4322.0,avrora,100.0,100.0
251,28.0,100.0,JDK8-9-9,4322.0,avrora,100.0,100.0
252,26.0,100.0,JDK8-9-9,4985.0,avrora,100.0,100.0
253,26.0,100.0,JDK8-9-9,4985.0,avrora,100.0,100.0
254,22.0,100.0,JDK8-9-9,5666.0,avrora,100.0,100.0
255,22.0,100.0,JDK8-9-9,5666.0,avrora,100.0,100.0
256,67.0,100.0,JDK8-9-9,6970.0,avrora,100.0,100.0
257,67.0,100.0,JDK8-9-9,6970.0,avrora,100.0,100.0
258,38.0,100.0,JDK8-9-9,7597.0,avrora,100.0,100.0
259,38.0,100.0,JDK8-9-9,7597.0,avrora,100.0,100.0
260,61.0,100.0,JDK8-9-9,8224.0,avrora,100.0,100.0
261,61.0,100.0,JDK8-9-9,8224.0,avrora,100.0,100.0
262,66.0,100.0,JDK8-9-9,9519.0,avrora,100.0,100.0
263,66.0,100.0,JDK8-9-9,9519.0,avrora,100.0,100.0
264,0.0,0.0,JDK8-9-9,0.0,avrora,100.0,100.0
265,0.0,100.0,JDK8-9-9,0.0,avrora,100.0,100.0
266,0.0,100.0,JDK8-9-9,0.0,avrora,100.0,100.0
267,58.0,100.0,JDK8-9-9,817.0,avrora,100.0,100.0
268,58.0,100.0,JDK8-9-9,817.0,avrora,100.0,100.0
269,50.0,100.0,JDK8-9-9,1991.0,avrora,100.0,100.0
270,50.0,100.0,JDK8-9-9,1991.0,avrora,100.0,100.0
271,50.0,100.0,JDK8-9-9,4057.0,avrora,100.0,100.0
272,50.0,100.0,JDK8-9-9,4057.0,avrora,100.0,100.0
273,168.0,100.0,JDK8-9-9,4738.0,avrora,100.0,100.0
274,168.0,100.0,JDK8-9-9,4738.0,avrora,100.0,100.0
275,47.0,100.0,JDK8-9-9,5411.0,avrora,100.0,100.0
276,47.0,100.0,JDK8-9-9,5411.0,avrora,100.0,100.0
277,159.0,100.0,JDK8-9-9,6693.0,avrora,100.0,100.0
278,159.0,100.0,JDK8-9-9,6693.0,avrora,100.0,100.0
279,79.0,100.0,JDK8-9-9,7324.0,avrora,100.0,100.0
280,79.0,100.0,JDK8-9-9,7324.0,avrora,100.0,100.0
281,114.0,100.0,JDK8-9-9,7950.0,avrora,100.0,100.0
282,114.0,100.0,JDK8-9-9,7950.0,avrora,100.0,100.0
283,138.0,100.0,JDK8-9-9,9263.0,avrora,100.0,100.0
284,138.0,100.0,JDK8-9-9,9263.0,avrora,100.0,100.0
285,0.0,100.0,JDK8-9-9,0.0,avrora,100.0,100.0
286,0.0,100.0,JDK8-9-9,0.0,avrora,100.0,100.0
287,47.0,100.0,JDK8-9-9,806.0,avrora,100.0,100.0
288,47.0,100.0,JDK8-9-9,806.0,avrora,100.0,100.0
289,36.0,100.0,JDK8-9-9,2030.0,avrora,100.0,100.0
290,36.0,100.0,JDK8-9-9,2030.0,avrora,100.0,100.0
291,39.0,100.0,JDK8-9-9,4189.0,avrora,100.0,100.0
292,39.0,100.0,JDK8-9-9,4189.0,avrora,100.0,100.0
293,79.0,100.0,JDK8-9-9,4868.0,avrora,100.0,100.0
294,79.0,100.0,JDK8-9-9,4868.0,avrora,100.0,100.0
295,31.0,100.0,JDK8-9-9,5522.0,avrora,100.0,100.0
296,31.0,100.0,JDK8-9-9,5522.0,avrora,100.0,100.0
297,89.0,100.0,JDK8-9-9,6829.0,avrora,100.0,100.0
298,89.0,100.0,JDK8-9-9,6829.0,avrora,100.0,100.0
299,83.0,100.0,JDK8-9-9,7469.0,avrora,100.0,100.0
300,83.0,100.0,JDK8-9-9,7469.0,avrora,100.0,100.0
301,71.0,100.0,JDK8-9-9,8132.0,avrora,100.0,100.0
302,71.0,100.0,JDK8-9-9,8132.0,avrora,100.0,100.0
303,0.0,100.0,JDK8-9-9,0.0,avrora,100.0,100.0
304,0.0,100.0,JDK8-9-9,0.0,avrora,100.0,100.0
305,45.0,100.0,JDK8-9-9,848.0,avrora,100.0,100.0
306,45.0,100.0,JDK8-9-9,848.0,avrora,100.0,100.0
307,35.0,100.0,JDK8-9-9,2121.0,avrora,100.0,100.0
308,35.0,100.0,JDK8-9-9,2121.0,avrora,100.0,100.0
309,39.0,100.0,JDK8-9-9,4221.0,avrora,100.0,100.0
310,39.0,100.0,JDK8-9-9,4221.0,avrora,100.0,100.0
311,93.0,100.0,JDK8-9-9,4893.0,avrora,100.0,100.0
312,93.0,100.0,JDK8-9-9,4893.0,avrora,100.0,100.0
313,33.0,100.0,JDK8-9-9,5530.0,avrora,100.0,100.0
314,33.0,100.0,JDK8-9-9,5530.0,avrora,100.0,100.0
315,106.0,100.0,JDK8-9-9,6873.0,avrora,100.0,100.0
316,106.0,100.0,JDK8-9-9,6873.0,avrora,100.0,100.0
317,32.0,100.0,JDK8-9-9,7508.0,avrora,100.0,100.0
318,32.0,100.0,JDK8-9-9,7508.0,avrora,100.0,100.0
319,95.0,100.0,JDK8-9-9,8138.0,avrora,100.0,100.0
320,95.0,100.0,JDK8-9-9,8138.0,avrora,100.0,100.0
321,109.0,100.0,JDK8-9-9,9433.0,avrora,100.0,100.0
322,109.0,100.0,JDK8-9-9,9433.0,avrora,100.0,100.0
0,0.0,100.0,JDK5-4-4,0.0,avrora,100.0,100.0
1,0.0,100.0,JDK5-4-4,0.0,avrora,100.0,100.0
2,64.0,100.0,JDK5-4-4,827.0,avrora,100.0,100.0
3,64.0,100.0,JDK5-4-4,827.0,avrora,100.0,100.0
4,40.0,100.0,JDK5-4-4,2090.0,avrora,100.0,100.0
5,40.0,100.0,JDK5-4-4,2090.0,avrora,100.0,100.0
6,64.0,100.0,JDK5-4-4,4260.0,avrora,100.0,100.0
7,64.0,100.0,JDK5-4-4,4260.0,avrora,100.0,100.0
8,214.0,100.0,JDK5-4-4,4930.0,avrora,100.0,100.0
9,214.0,100.0,JDK5-4-4,4930.0,avrora,100.0,100.0
10,30.0,100.0,JDK5-4-4,5542.0,avrora,100.0,100.0
11,30.0,100.0,JDK5-4-4,5542.0,avrora,100.0,100.0
12,0.0,100.0,JDK5-4-4,6765.0,avrora,100.0,100.0
13,0.0,100.0,JDK5-4-4,6765.0,avrora,100.0,100.0
14,74.0,100.0,JDK5-4-4,7420.0,avrora,100.0,100.0
15,74.0,100.0,JDK5-4-4,7420.0,avrora,100.0,100.0
16,105.0,100.0,JDK5-4-4,8026.0,avrora,100.0,100.0
17,105.0,100.0,JDK5-4-4,8026.0,avrora,100.0,100.0
18,114.0,100.0,JDK5-4-4,9323.0,avrora,100.0,100.0
19,114.0,100.0,JDK5-4-4,9323.0,avrora,100.0,100.0
20,0.0,100.0,JDK5-4-4,0.0,avrora,100.0,100.0
21,0.0,100.0,JDK5-4-4,0.0,avrora,100.0,100.0
22,44.0,100.0,JDK5-4-4,791.0,avrora,100.0,100.0
23,44.0,100.0,JDK5-4-4,791.0,avrora,100.0,100.0
24,40.0,100.0,JDK5-4-4,1902.0,avrora,100.0,100.0
25,40.0,100.0,JDK5-4-4,1902.0,avrora,100.0,100.0
26,37.0,100.0,JDK5-4-4,4179.0,avrora,100.0,100.0
27,37.0,100.0,JDK5-4-4,4179.0,avrora,100.0,100.0
28,84.0,100.0,JDK5-4-4,4837.0,avrora,100.0,100.0
29,84.0,100.0,JDK5-4-4,4837.0,avrora,100.0,100.0
30,33.0,100.0,JDK5-4-4,5506.0,avrora,100.0,100.0
31,33.0,100.0,JDK5-4-4,5506.0,avrora,100.0,100.0
32,114.0,100.0,JDK5-4-4,6869.0,avrora,100.0,100.0
33,114.0,100.0,JDK5-4-4,6869.0,avrora,100.0,100.0
34,63.0,100.0,JDK5-4-4,7522.0,avrora,100.0,100.0
35,63.0,100.0,JDK5-4-4,7522.0,avrora,100.0,100.0
36,0.0,100.0,JDK5-4-4,8160.0,avrora,100.0,100.0
37,0.0,100.0,JDK5-4-4,8160.0,avrora,100.0,100.0
38,0.0,100.0,JDK5-4-4,0.0,avrora,100.0,100.0
39,0.0,100.0,JDK5-4-4,0.0,avrora,100.0,100.0
40,0.0,100.0,JDK5-4-4,781.0,avrora,100.0,100.0
41,0.0,100.0,JDK5-4-4,781.0,avrora,100.0,100.0
42,40.0,100.0,JDK5-4-4,1843.0,avrora,100.0,100.0
43,40.0,100.0,JDK5-4-4,1843.0,avrora,100.0,100.0
44,35.0,100.0,JDK5-4-4,3976.0,avrora,100.0,100.0
45,35.0,100.0,JDK5-4-4,3976.0,avrora,100.0,100.0
46,89.0,100.0,JDK5-4-4,4700.0,avrora,100.0,100.0
47,89.0,100.0,JDK5-4-4,4700.0,avrora,100.0,100.0
48,26.0,100.0,JDK5-4-4,5405.0,avrora,100.0,100.0
49,26.0,100.0,JDK5-4-4,5405.0,avrora,100.0,100.0
50,105.0,100.0,JDK5-4-4,6833.0,avrora,100.0,100.0
51,105.0,100.0,JDK5-4-4,6833.0,avrora,100.0,100.0
52,99.0,100.0,JDK5-4-4,7553.0,avrora,100.0,100.0
53,99.0,100.0,JDK5-4-4,7553.0,avrora,100.0,100.0
54,90.0,100.0,JDK5-4-4,8260.0,avrora,100.0,100.0
55,90.0,100.0,JDK5-4-4,8260.0,avrora,100.0,100.0
56,0.0,100.0,JDK5-4-4,0.0,avrora,100.0,100.0
57,0.0,100.0,JDK5-4-4,0.0,avrora,100.0,100.0
58,46.0,100.0,JDK5-4-4,787.0,avrora,100.0,100.0
59,46.0,100.0,JDK5-4-4,787.0,avrora,100.0,100.0
60,34.0,100.0,JDK5-4-4,1884.0,avrora,100.0,100.0
61,34.0,100.0,JDK5-4-4,1884.0,avrora,100.0,100.0
62,31.0,100.0,JDK5-4-4,4050.0,avrora,100.0,100.0
63,31.0,100.0,JDK5-4-4,4050.0,avrora,100.0,100.0
64,73.0,100.0,JDK5-4-4,4735.0,avrora,100.0,100.0
65,73.0,100.0,JDK5-4-4,4735.0,avrora,100.0,100.0
66,36.0,100.0,JDK5-4-4,5384.0,avrora,100.0,100.0
67,36.0,100.0,JDK5-4-4,5384.0,avrora,100.0,100.0
68,90.0,100.0,JDK5-4-4,6733.0,avrora,100.0,100.0
69,90.0,100.0,JDK5-4-4,6733.0,avrora,100.0,100.0
70,85.0,100.0,JDK5-4-4,7379.0,avrora,100.0,100.0
71,85.0,100.0,JDK5-4-4,7379.0,avrora,100.0,100.0
72,86.0,100.0,JDK5-4-4,8003.0,avrora,100.0,100.0
73,86.0,100.0,JDK5-4-4,8003.0,avrora,100.0,100.0
74,84.0,100.0,JDK5-4-4,9330.0,avrora,100.0,100.0
75,84.0,100.0,JDK5-4-4,9330.0,avrora,100.0,100.0
76,0.0,100.0,JDK5-4-4,0.0,avrora,100.0,100.0
77,0.0,100.0,JDK5-4-4,0.0,avrora,100.0,100.0
78,61.0,100.0,JDK5-4-4,782.0,avrora,100.0,100.0
79,61.0,100.0,JDK5-4-4,782.0,avrora,100.0,100.0
80,38.0,100.0,JDK5-4-4,1880.0,avrora,100.0,100.0
81,38.0,100.0,JDK5-4-4,1880.0,avrora,100.0,100.0
82,47.0,100.0,JDK5-4-4,3850.0,avrora,100.0,100.0
83,47.0,100.0,JDK5-4-4,3850.0,avrora,100.0,100.0
84,160.0,100.0,JDK5-4-4,4511.0,avrora,100.0,100.0
85,160.0,100.0,JDK5-4-4,4511.0,avrora,100.0,100.0
86,29.0,100.0,JDK5-4-4,5166.0,avrora,100.0,100.0
87,29.0,100.0,JDK5-4-4,5166.0,avrora,100.0,100.0
88,115.0,100.0,JDK5-4-4,6478.0,avrora,100.0,100.0
89,115.0,100.0,JDK5-4-4,6478.0,avrora,100.0,100.0
90,90.0,100.0,JDK5-4-4,7138.0,avrora,100.0,100.0
91,90.0,100.0,JDK5-4-4,7138.0,avrora,100.0,100.0
92,100.0,100.0,JDK5-4-4,7786.0,avrora,100.0,100.0
93,100.0,100.0,JDK5-4-4,7786.0,avrora,100.0,100.0
94,141.0,100.0,JDK5-4-4,9157.0,avrora,100.0,100.0
95,141.0,100.0,JDK5-4-4,9157.0,avrora,100.0,100.0
96,0.0,100.0,JDK5-4-4,0.0,avrora,100.0,100.0
97,0.0,100.0,JDK5-4-4,0.0,avrora,100.0,100.0
98,78.0,100.0,JDK5-4-4,801.0,avrora,100.0,100.0
99,78.0,100.0,JDK5-4-4,801.0,avrora,100.0,100.0
100,45.0,100.0,JDK5-4-4,1869.0,avrora,100.0,100.0
101,45.0,100.0,JDK5-4-4,1869.0,avrora,100.0,100.0
102,48.0,100.0,JDK5-4-4,3843.0,avrora,100.0,100.0
103,48.0,100.0,JDK5-4-4,3843.0,avrora,100.0,100.0
104,140.0,100.0,JDK5-4-4,4468.0,avrora,100.0,100.0
105,140.0,100.0,JDK5-4-4,4468.0,avrora,100.0,100.0
106,40.0,100.0,JDK5-4-4,5071.0,avrora,100.0,100.0
107,40.0,100.0,JDK5-4-4,5071.0,avrora,100.0,100.0
108,122.0,100.0,JDK5-4-4,6287.0,avrora,100.0,100.0
109,122.0,100.0,JDK5-4-4,6287.0,avrora,100.0,100.0
110,80.0,100.0,JDK5-4-4,6896.0,avrora,100.0,100.0
111,80.0,100.0,JDK5-4-4,6896.0,avrora,100.0,100.0
112,126.0,100.0,JDK5-4-4,7501.0,avrora,100.0,100.0
113,126.0,100.0,JDK5-4-4,7501.0,avrora,100.0,100.0
114,151.0,100.0,JDK5-4-4,8723.0,avrora,100.0,100.0
115,151.0,100.0,JDK5-4-4,8723.0,avrora,100.0,100.0
116,0.0,100.0,JDK5-4-4,0.0,avrora,100.0,100.0
117,0.0,100.0,JDK5-4-4,0.0,avrora,100.0,100.0
118,43.0,100.0,JDK5-4-4,801.0,avrora,100.0,100.0
119,43.0,100.0,JDK5-4-4,801.0,avrora,100.0,100.0
120,37.0,100.0,JDK5-4-4,2055.0,avrora,100.0,100.0
121,37.0,100.0,JDK5-4-4,2055.0,avrora,100.0,100.0
122,42.0,100.0,JDK5-4-4,4303.0,avrora,100.0,100.0
123,42.0,100.0,JDK5-4-4,4303.0,avrora,100.0,100.0
124,164.0,100.0,JDK5-4-4,5016.0,avrora,100.0,100.0
125,164.0,100.0,JDK5-4-4,5016.0,avrora,100.0,100.0
126,31.0,100.0,JDK5-4-4,5738.0,avrora,100.0,100.0
127,31.0,100.0,JDK5-4-4,5738.0,avrora,100.0,100.0
128,141.0,100.0,JDK5-4-4,7140.0,avrora,100.0,100.0
129,141.0,100.0,JDK5-4-4,7140.0,avrora,100.0,100.0
130,55.0,100.0,JDK5-4-4,7855.0,avrora,100.0,100.0
131,55.0,100.0,JDK5-4-4,7855.0,avrora,100.0,100.0
132,121.0,100.0,JDK5-4-4,8555.0,avrora,100.0,100.0
133,121.0,100.0,JDK5-4-4,8555.0,avrora,100.0,100.0
134,0.0,0.0,JDK5-4-4,0.0,avrora,100.0,100.0
135,0.0,100.0,JDK5-4-4,0.0,avrora,100.0,100.0
136,0.0,100.0,JDK5-4-4,0.0,avrora,100.0,100.0
137,82.0,100.0,JDK5-4-4,799.0,avrora,100.0,100.0
138,82.0,100.0,JDK5-4-4,799.0,avrora,100.0,100.0
139,42.0,100.0,JDK5-4-4,2120.0,avrora,100.0,100.0
140,42.0,100.0,JDK5-4-4,2120.0,avrora,100.0,100.0
141,43.0,100.0,JDK5-4-4,4299.0,avrora,100.0,100.0
142,43.0,100.0,JDK5-4-4,4299.0,avrora,100.0,100.0
143,137.0,100.0,JDK5-4-4,4941.0,avrora,100.0,100.0
144,137.0,100.0,JDK5-4-4,4941.0,avrora,100.0,100.0
145,33.0,100.0,JDK5-4-4,5587.0,avrora,100.0,100.0
146,33.0,100.0,JDK5-4-4,5587.0,avrora,100.0,100.0
147,126.0,100.0,JDK5-4-4,6867.0,avrora,100.0,100.0
148,126.0,100.0,JDK5-4-4,6867.0,avrora,100.0,100.0
149,88.0,100.0,JDK5-4-4,7507.0,avrora,100.0,100.0
150,88.0,100.0,JDK5-4-4,7507.0,avrora,100.0,100.0
151,113.0,100.0,JDK5-4-4,8131.0,avrora,100.0,100.0
152,113.0,100.0,JDK5-4-4,8131.0,avrora,100.0,100.0
153,86.0,100.0,JDK5-4-4,9390.0,avrora,100.0,100.0
154,86.0,100.0,JDK5-4-4,9390.0,avrora,100.0,100.0
155,0.0,100.0,JDK5-4-4,0.0,avrora,100.0,100.0
156,0.0,100.0,JDK5-4-4,0.0,avrora,100.0,100.0
157,0.0,100.0,JDK5-4-4,779.0,avrora,100.0,100.0
158,0.0,100.0,JDK5-4-4,779.0,avrora,100.0,100.0
159,31.0,100.0,JDK5-4-4,1946.0,avrora,100.0,100.0
160,31.0,100.0,JDK5-4-4,1946.0,avrora,100.0,100.0
161,47.0,100.0,JDK5-4-4,3977.0,avrora,100.0,100.0
162,47.0,100.0,JDK5-4-4,3977.0,avrora,100.0,100.0
163,161.0,100.0,JDK5-4-4,4646.0,avrora,100.0,100.0
164,161.0,100.0,JDK5-4-4,4646.0,avrora,100.0,100.0
165,36.0,100.0,JDK5-4-4,5298.0,avrora,100.0,100.0
166,36.0,100.0,JDK5-4-4,5298.0,avrora,100.0,100.0
167,107.0,100.0,JDK5-4-4,6639.0,avrora,100.0,100.0
168,107.0,100.0,JDK5-4-4,6639.0,avrora,100.0,100.0
169,65.0,100.0,JDK5-4-4,7302.0,avrora,100.0,100.0
170,65.0,100.0,JDK5-4-4,7302.0,avrora,100.0,100.0
171,76.0,100.0,JDK5-4-4,7944.0,avrora,100.0,100.0
172,76.0,100.0,JDK5-4-4,7944.0,avrora,100.0,100.0
173,0.0,100.0,JDK5-4-4,0.0,avrora,100.0,100.0
174,0.0,100.0,JDK5-4-4,0.0,avrora,100.0,100.0
175,0.0,100.0,JDK5-4-4,818.0,avrora,100.0,100.0
176,0.0,100.0,JDK5-4-4,818.0,avrora,100.0,100.0
177,35.0,100.0,JDK5-4-4,2045.0,avrora,100.0,100.0
178,35.0,100.0,JDK5-4-4,2045.0,avrora,100.0,100.0
179,122.0,100.0,JDK5-4-4,4256.0,avrora,100.0,100.0
180,122.0,100.0,JDK5-4-4,4256.0,avrora,100.0,100.0
181,168.0,100.0,JDK5-4-4,4892.0,avrora,100.0,100.0
182,168.0,100.0,JDK5-4-4,4892.0,avrora,100.0,100.0
183,35.0,100.0,JDK5-4-4,5519.0,avrora,100.0,100.0
184,35.0,100.0,JDK5-4-4,5519.0,avrora,100.0,100.0
185,120.0,100.0,JDK5-4-4,6701.0,avrora,100.0,100.0
186,120.0,100.0,JDK5-4-4,6701.0,avrora,100.0,100.0
187,75.0,100.0,JDK5-4-4,7326.0,avrora,100.0,100.0
188,75.0,100.0,JDK5-4-4,7326.0,avrora,100.0,100.0
189,112.0,100.0,JDK5-4-4,7952.0,avrora,100.0,100.0
190,112.0,100.0,JDK5-4-4,7952.0,avrora,100.0,100.0
191,0.0,100.0,JDK5-4-4,0.0,avrora,100.0,100.0
192,0.0,100.0,JDK5-4-4,0.0,avrora,100.0,100.0
193,47.0,100.0,JDK5-4-4,853.0,avrora,100.0,100.0
194,47.0,100.0,JDK5-4-4,853.0,avrora,100.0,100.0
195,37.0,100.0,JDK5-4-4,1865.0,avrora,100.0,100.0
196,37.0,100.0,JDK5-4-4,1865.0,avrora,100.0,100.0
197,89.0,100.0,JDK5-4-4,3789.0,avrora,100.0,100.0
198,89.0,100.0,JDK5-4-4,3789.0,avrora,100.0,100.0
199,50.0,100.0,JDK5-4-4,4465.0,avrora,100.0,100.0
200,50.0,100.0,JDK5-4-4,4465.0,avrora,100.0,100.0
201,87.0,100.0,JDK5-4-4,5090.0,avrora,100.0,100.0
202,87.0,100.0,JDK5-4-4,5090.0,avrora,100.0,100.0
203,99.0,100.0,JDK5-4-4,6393.0,avrora,100.0,100.0
204,99.0,100.0,JDK5-4-4,6393.0,avrora,100.0,100.0
205,100.0,100.0,JDK5-4-4,6692.0,avrora,100.0,100.0
206,100.0,100.0,JDK5-4-4,6692.0,avrora,100.0,100.0
207,122.0,100.0,JDK5-4-4,6993.0,avrora,100.0,100.0
208,122.0,100.0,JDK5-4-4,6993.0,avrora,100.0,100.0
209,115.0,100.0,JDK5-4-4,7680.0,avrora,100.0,100.0
210,115.0,100.0,JDK5-4-4,7680.0,avrora,100.0,100.0
211,160.0,100.0,JDK5-4-4,8004.0,avrora,100.0,100.0
212,160.0,100.0,JDK5-4-4,8004.0,avrora,100.0,100.0
213,130.0,100.0,JDK5-4-4,8299.0,avrora,100.0,100.0
214,130.0,100.0,JDK5-4-4,8299.0,avrora,100.0,100.0
215,149.0,100.0,JDK5-4-4,8919.0,avrora,100.0,100.0
216,149.0,100.0,JDK5-4-4,8919.0,avrora,100.0,100.0
217,98.0,100.0,JDK5-4-4,9216.0,avrora,100.0,100.0
218,98.0,100.0,JDK5-4-4,9216.0,avrora,100.0,100.0
219,0.0,100.0,JDK5-4-4,0.0,avrora,100.0,100.0
220,0.0,100.0,JDK5-4-4,0.0,avrora,100.0,100.0
221,67.0,100.0,JDK5-4-4,538.0,avrora,100.0,100.0
222,67.0,100.0,JDK5-4-4,538.0,avrora,100.0,100.0
223,35.0,100.0,JDK5-4-4,1673.0,avrora,100.0,100.0
224,35.0,100.0,JDK5-4-4,1673.0,avrora,100.0,100.0
225,36.0,100.0,JDK5-4-4,3853.0,avrora,100.0,100.0
226,36.0,100.0,JDK5-4-4,3853.0,avrora,100.0,100.0
227,83.0,100.0,JDK5-4-4,4551.0,avrora,100.0,100.0
228,83.0,100.0,JDK5-4-4,4551.0,avrora,100.0,100.0
229,28.0,100.0,JDK5-4-4,5239.0,avrora,100.0,100.0
230,28.0,100.0,JDK5-4-4,5239.0,avrora,100.0,100.0
231,98.0,100.0,JDK5-4-4,6564.0,avrora,100.0,100.0
232,98.0,100.0,JDK5-4-4,6564.0,avrora,100.0,100.0
233,33.0,100.0,JDK5-4-4,7231.0,avrora,100.0,100.0
234,33.0,100.0,JDK5-4-4,7231.0,avrora,100.0,100.0
235,89.0,100.0,JDK5-4-4,7895.0,avrora,100.0,100.0
236,89.0,100.0,JDK5-4-4,7895.0,avrora,100.0,100.0
237,97.0,100.0,JDK5-4-4,9171.0,avrora,100.0,100.0
238,97.0,100.0,JDK5-4-4,9171.0,avrora,100.0,100.0
239,0.0,100.0,JDK5-4-4,0.0,avrora,100.0,100.0
240,0.0,100.0,JDK5-4-4,0.0,avrora,100.0,100.0
241,62.0,100.0,JDK5-4-4,789.0,avrora,100.0,100.0
242,62.0,100.0,JDK5-4-4,789.0,avrora,100.0,100.0
243,38.0,100.0,JDK5-4-4,1914.0,avrora,100.0,100.0
244,38.0,100.0,JDK5-4-4,1914.0,avrora,100.0,100.0
245,33.0,100.0,JDK5-4-4,4074.0,avrora,100.0,100.0
246,33.0,100.0,JDK5-4-4,4074.0,avrora,100.0,100.0
247,87.0,100.0,JDK5-4-4,4718.0,avrora,100.0,100.0
248,87.0,100.0,JDK5-4-4,4718.0,avrora,100.0,100.0
249,31.0,100.0,JDK5-4-4,5362.0,avrora,100.0,100.0
250,31.0,100.0,JDK5-4-4,5362.0,avrora,100.0,100.0
251,85.0,100.0,JDK5-4-4,6598.0,avrora,100.0,100.0
252,85.0,100.0,JDK5-4-4,6598.0,avrora,100.0,100.0
253,49.0,100.0,JDK5-4-4,7245.0,avrora,100.0,100.0
254,49.0,100.0,JDK5-4-4,7245.0,avrora,100.0,100.0
255,77.0,100.0,JDK5-4-4,7860.0,avrora,100.0,12.5
256,77.0,100.0,JDK5-4-4,7860.0,avrora,100.0,12.5
257,87.0,100.0,JDK5-4-4,9099.0,avrora,100.0,100.0
258,87.0,100.0,JDK5-4-4,9099.0,avrora,100.0,100.0
259,0.0,100.0,JDK5-4-4,0.0,avrora,100.0,100.0
260,0.0,100.0,JDK5-4-4,0.0,avrora,100.0,100.0
261,72.0,100.0,JDK5-4-4,804.0,avrora,100.0,100.0
262,72.0,100.0,JDK5-4-4,804.0,avrora,100.0,100.0
263,42.0,100.0,JDK5-4-4,1931.0,avrora,100.0,100.0
264,42.0,100.0,JDK5-4-4,1931.0,avrora,100.0,100.0
265,47.0,100.0,JDK5-4-4,4236.0,avrora,100.0,100.0
266,47.0,100.0,JDK5-4-4,4236.0,avrora,100.0,100.0
267,159.0,100.0,JDK5-4-4,4940.0,avrora,100.0,100.0
268,159.0,100.0,JDK5-4-4,4940.0,avrora,100.0,100.0
269,31.0,100.0,JDK5-4-4,5648.0,avrora,100.0,100.0
270,31.0,100.0,JDK5-4-4,5648.0,avrora,100.0,100.0
271,111.0,100.0,JDK5-4-4,7034.0,avrora,100.0,100.0
272,111.0,100.0,JDK5-4-4,7034.0,avrora,100.0,100.0
273,68.0,100.0,JDK5-4-4,7733.0,avrora,100.0,100.0
274,68.0,100.0,JDK5-4-4,7733.0,avrora,100.0,100.0
275,102.0,100.0,JDK5-4-4,8425.0,avrora,100.0,100.0
276,102.0,100.0,JDK5-4-4,8425.0,avrora,100.0,100.0
277,0.0,100.0,JDK5-4-4,0.0,avrora,100.0,100.0
278,0.0,100.0,JDK5-4-4,0.0,avrora,100.0,100.0
279,67.0,100.0,JDK5-4-4,811.0,avrora,100.0,100.0
280,67.0,100.0,JDK5-4-4,811.0,avrora,100.0,100.0
281,38.0,100.0,JDK5-4-4,2068.0,avrora,100.0,100.0
282,38.0,100.0,JDK5-4-4,2068.0,avrora,100.0,100.0
283,39.0,100.0,JDK5-4-4,4272.0,avrora,100.0,100.0
284,39.0,100.0,JDK5-4-4,4272.0,avrora,100.0,100.0
285,89.0,100.0,JDK5-4-4,4939.0,avrora,100.0,100.0
286,89.0,100.0,JDK5-4-4,4939.0,avrora,100.0,100.0
287,25.0,100.0,JDK5-4-4,5563.0,avrora,100.0,100.0
288,25.0,100.0,JDK5-4-4,5563.0,avrora,100.0,100.0
289,85.0,100.0,JDK5-4-4,6873.0,avrora,100.0,100.0
290,85.0,100.0,JDK5-4-4,6873.0,avrora,100.0,100.0
291,35.0,100.0,JDK5-4-4,7521.0,avrora,100.0,100.0
292,35.0,100.0,JDK5-4-4,7521.0,avrora,100.0,100.0
293,84.0,100.0,JDK5-4-4,8148.0,avrora,100.0,100.0
294,84.0,100.0,JDK5-4-4,8148.0,avrora,100.0,100.0
295,0.0,100.0,JDK5-4-4,0.0,avrora,100.0,100.0
296,0.0,100.0,JDK5-4-4,0.0,avrora,100.0,100.0
297,44.0,100.0,JDK5-4-4,805.0,avrora,100.0,100.0
298,44.0,100.0,JDK5-4-4,805.0,avrora,100.0,100.0
299,30.0,100.0,JDK5-4-4,2137.0,avrora,100.0,100.0
300,30.0,100.0,JDK5-4-4,2137.0,avrora,100.0,100.0
301,36.0,100.0,JDK5-4-4,4457.0,avrora,100.0,100.0
302,36.0,100.0,JDK5-4-4,4457.0,avrora,100.0,100.0
303,129.0,100.0,JDK5-4-4,5140.0,avrora,100.0,100.0
304,129.0,100.0,JDK5-4-4,5140.0,avrora,100.0,100.0
305,32.0,100.0,JDK5-4-4,5784.0,avrora,100.0,100.0
306,32.0,100.0,JDK5-4-4,5784.0,avrora,100.0,100.0
307,104.0,100.0,JDK5-4-4,7092.0,avrora,100.0,100.0
308,104.0,100.0,JDK5-4-4,7092.0,avrora,100.0,100.0
309,35.0,100.0,JDK5-4-4,7758.0,avrora,100.0,100.0
310,35.0,100.0,JDK5-4-4,7758.0,avrora,100.0,100.0
311,101.0,100.0,JDK5-4-4,8426.0,avrora,100.0,100.0
312,101.0,100.0,JDK5-4-4,8426.0,avrora,100.0,100.0
313,92.0,100.0,JDK5-4-4,9821.0,avrora,100.0,100.0
314,92.0,100.0,JDK5-4-4,9821.0,avrora,100.0,100.0
0,0.0,100.0,JDK3-2-3,0.0,avrora,100.0,100.0
1,0.0,100.0,JDK3-2-3,0.0,avrora,100.0,100.0
2,47.0,100.0,JDK3-2-3,693.0,avrora,100.0,100.0
3,47.0,100.0,JDK3-2-3,693.0,avrora,100.0,100.0
4,42.0,100.0,JDK3-2-3,1760.0,avrora,100.0,100.0
5,42.0,100.0,JDK3-2-3,1760.0,avrora,100.0,100.0
6,38.0,100.0,JDK3-2-3,3748.0,avrora,100.0,100.0
7,38.0,100.0,JDK3-2-3,3748.0,avrora,100.0,100.0
8,90.0,100.0,JDK3-2-3,4367.0,avrora,100.0,100.0
9,90.0,100.0,JDK3-2-3,4367.0,avrora,100.0,100.0
10,42.0,100.0,JDK3-2-3,4964.0,avrora,100.0,100.0
11,42.0,100.0,JDK3-2-3,4964.0,avrora,100.0,100.0
12,100.0,100.0,JDK3-2-3,6117.0,avrora,100.0,100.0
13,100.0,100.0,JDK3-2-3,6117.0,avrora,100.0,100.0
14,55.0,100.0,JDK3-2-3,6723.0,avrora,100.0,100.0
15,55.0,100.0,JDK3-2-3,6723.0,avrora,100.0,100.0
16,95.0,100.0,JDK3-2-3,7320.0,avrora,100.0,100.0
17,95.0,100.0,JDK3-2-3,7320.0,avrora,100.0,100.0
18,107.0,100.0,JDK3-2-3,8518.0,avrora,100.0,100.0
19,107.0,100.0,JDK3-2-3,8518.0,avrora,100.0,100.0
20,0.0,100.0,JDK3-2-3,0.0,avrora,100.0,100.0
21,0.0,100.0,JDK3-2-3,0.0,avrora,100.0,100.0
22,0.0,100.0,JDK3-2-3,643.0,avrora,100.0,100.0
23,0.0,100.0,JDK3-2-3,643.0,avrora,100.0,100.0
24,33.0,100.0,JDK3-2-3,1712.0,avrora,100.0,100.0
25,33.0,100.0,JDK3-2-3,1712.0,avrora,100.0,100.0
26,41.0,100.0,JDK3-2-3,3650.0,avrora,100.0,100.0
27,41.0,100.0,JDK3-2-3,3650.0,avrora,100.0,100.0
28,77.0,100.0,JDK3-2-3,4273.0,avrora,100.0,100.0
29,77.0,100.0,JDK3-2-3,4273.0,avrora,100.0,100.0
30,30.0,100.0,JDK3-2-3,4876.0,avrora,100.0,100.0
31,30.0,100.0,JDK3-2-3,4876.0,avrora,100.0,100.0
32,99.0,100.0,JDK3-2-3,6081.0,avrora,100.0,100.0
33,99.0,100.0,JDK3-2-3,6081.0,avrora,100.0,100.0
34,43.0,100.0,JDK3-2-3,6644.0,avrora,100.0,100.0
35,43.0,100.0,JDK3-2-3,6644.0,avrora,100.0,100.0
36,99.0,100.0,JDK3-2-3,7221.0,avrora,100.0,100.0
37,99.0,100.0,JDK3-2-3,7221.0,avrora,100.0,100.0
38,94.0,100.0,JDK3-2-3,8451.0,avrora,100.0,100.0
39,94.0,100.0,JDK3-2-3,8451.0,avrora,100.0,100.0
40,0.0,100.0,JDK3-2-3,0.0,avrora,100.0,100.0
41,0.0,100.0,JDK3-2-3,0.0,avrora,100.0,100.0
42,42.0,100.0,JDK3-2-3,778.0,avrora,100.0,100.0
43,42.0,100.0,JDK3-2-3,778.0,avrora,100.0,100.0
44,27.0,100.0,JDK3-2-3,1872.0,avrora,100.0,100.0
45,27.0,100.0,JDK3-2-3,1872.0,avrora,100.0,100.0
46,35.0,100.0,JDK3-2-3,3830.0,avrora,100.0,100.0
47,35.0,100.0,JDK3-2-3,3830.0,avrora,100.0,100.0
48,83.0,100.0,JDK3-2-3,4508.0,avrora,100.0,100.0
49,83.0,100.0,JDK3-2-3,4508.0,avrora,100.0,100.0
50,28.0,100.0,JDK3-2-3,5146.0,avrora,100.0,100.0
51,28.0,100.0,JDK3-2-3,5146.0,avrora,100.0,100.0
52,143.0,100.0,JDK3-2-3,6322.0,avrora,100.0,100.0
53,143.0,100.0,JDK3-2-3,6322.0,avrora,100.0,100.0
54,115.0,100.0,JDK3-2-3,6893.0,avrora,100.0,100.0
55,115.0,100.0,JDK3-2-3,6893.0,avrora,100.0,100.0
56,102.0,100.0,JDK3-2-3,7547.0,avrora,100.0,100.0
57,102.0,100.0,JDK3-2-3,7547.0,avrora,100.0,100.0
58,144.0,100.0,JDK3-2-3,8688.0,avrora,100.0,100.0
59,144.0,100.0,JDK3-2-3,8688.0,avrora,100.0,100.0
60,0.0,100.0,JDK3-2-3,0.0,avrora,100.0,100.0
61,0.0,100.0,JDK3-2-3,0.0,avrora,100.0,100.0
62,48.0,100.0,JDK3-2-3,705.0,avrora,100.0,100.0
63,48.0,100.0,JDK3-2-3,705.0,avrora,100.0,100.0
64,40.0,100.0,JDK3-2-3,1721.0,avrora,100.0,100.0
65,40.0,100.0,JDK3-2-3,1721.0,avrora,100.0,100.0
66,35.0,100.0,JDK3-2-3,3719.0,avrora,100.0,100.0
67,35.0,100.0,JDK3-2-3,3719.0,avrora,100.0,100.0
68,144.0,100.0,JDK3-2-3,4393.0,avrora,100.0,100.0
69,144.0,100.0,JDK3-2-3,4393.0,avrora,100.0,100.0
70,37.0,100.0,JDK3-2-3,5049.0,avrora,100.0,100.0
71,37.0,100.0,JDK3-2-3,5049.0,avrora,100.0,100.0
72,130.0,100.0,JDK3-2-3,6352.0,avrora,100.0,100.0
73,130.0,100.0,JDK3-2-3,6352.0,avrora,100.0,100.0
74,67.0,100.0,JDK3-2-3,7047.0,avrora,100.0,100.0
75,67.0,100.0,JDK3-2-3,7047.0,avrora,100.0,100.0
76,106.0,100.0,JDK3-2-3,7696.0,avrora,100.0,100.0
77,106.0,100.0,JDK3-2-3,7696.0,avrora,100.0,100.0
78,0.0,0.0,JDK3-2-3,0.0,avrora,100.0,100.0
79,0.0,100.0,JDK3-2-3,0.0,avrora,100.0,100.0
80,0.0,100.0,JDK3-2-3,0.0,avrora,100.0,100.0
81,45.0,100.0,JDK3-2-3,1072.0,avrora,100.0,100.0
82,45.0,100.0,JDK3-2-3,1072.0,avrora,100.0,100.0
83,22.0,100.0,JDK3-2-3,2345.0,avrora,100.0,100.0
84,22.0,100.0,JDK3-2-3,2345.0,avrora,100.0,100.0
85,100.0,100.0,JDK3-2-3,4649.0,avrora,100.0,100.0
86,100.0,100.0,JDK3-2-3,4649.0,avrora,100.0,100.0
87,153.0,100.0,JDK3-2-3,5351.0,avrora,100.0,100.0
88,153.0,100.0,JDK3-2-3,5351.0,avrora,100.0,100.0
89,28.0,100.0,JDK3-2-3,6069.0,avrora,100.0,100.0
90,28.0,100.0,JDK3-2-3,6069.0,avrora,100.0,100.0
91,109.0,100.0,JDK3-2-3,7416.0,avrora,100.0,100.0
92,109.0,100.0,JDK3-2-3,7416.0,avrora,100.0,100.0
93,52.0,100.0,JDK3-2-3,8089.0,avrora,100.0,100.0
94,52.0,100.0,JDK3-2-3,8089.0,avrora,100.0,100.0
95,97.0,100.0,JDK3-2-3,8778.0,avrora,100.0,100.0
96,97.0,100.0,JDK3-2-3,8778.0,avrora,100.0,100.0
97,0.0,100.0,JDK3-2-3,0.0,avrora,100.0,100.0
98,0.0,100.0,JDK3-2-3,0.0,avrora,100.0,100.0
99,83.0,100.0,JDK3-2-3,654.0,avrora,100.0,100.0
100,83.0,100.0,JDK3-2-3,654.0,avrora,100.0,100.0
101,40.0,100.0,JDK3-2-3,1601.0,avrora,100.0,100.0
102,40.0,100.0,JDK3-2-3,1601.0,avrora,100.0,100.0
103,37.0,100.0,JDK3-2-3,3789.0,avrora,100.0,100.0
104,37.0,100.0,JDK3-2-3,3789.0,avrora,100.0,100.0
105,155.0,100.0,JDK3-2-3,4494.0,avrora,100.0,100.0
106,155.0,100.0,JDK3-2-3,4494.0,avrora,100.0,100.0
107,35.0,100.0,JDK3-2-3,5164.0,avrora,100.0,100.0
108,35.0,100.0,JDK3-2-3,5164.0,avrora,100.0,100.0
109,144.0,100.0,JDK3-2-3,6523.0,avrora,100.0,100.0
110,144.0,100.0,JDK3-2-3,6523.0,avrora,100.0,100.0
111,65.0,100.0,JDK3-2-3,7170.0,avrora,100.0,100.0
112,65.0,100.0,JDK3-2-3,7170.0,avrora,100.0,100.0
113,138.0,100.0,JDK3-2-3,7805.0,avrora,100.0,100.0
114,138.0,100.0,JDK3-2-3,7805.0,avrora,100.0,100.0
115,0.0,100.0,JDK3-2-3,0.0,avrora,100.0,100.0
116,0.0,100.0,JDK3-2-3,0.0,avrora,100.0,100.0
117,57.0,100.0,JDK3-2-3,798.0,avrora,100.0,100.0
118,57.0,100.0,JDK3-2-3,798.0,avrora,100.0,100.0
119,45.0,100.0,JDK3-2-3,1947.0,avrora,100.0,100.0
120,45.0,100.0,JDK3-2-3,1947.0,avrora,100.0,100.0
121,49.0,100.0,JDK3-2-3,4217.0,avrora,100.0,100.0
122,49.0,100.0,JDK3-2-3,4217.0,avrora,100.0,100.0
123,175.0,100.0,JDK3-2-3,4894.0,avrora,100.0,100.0
124,175.0,100.0,JDK3-2-3,4894.0,avrora,100.0,100.0
125,41.0,100.0,JDK3-2-3,5584.0,avrora,100.0,100.0
126,41.0,100.0,JDK3-2-3,5584.0,avrora,100.0,100.0
127,144.0,100.0,JDK3-2-3,6934.0,avrora,100.0,100.0
128,144.0,100.0,JDK3-2-3,6934.0,avrora,100.0,100.0
129,71.0,100.0,JDK3-2-3,7592.0,avrora,100.0,100.0
130,71.0,100.0,JDK3-2-3,7592.0,avrora,100.0,100.0
131,133.0,100.0,JDK3-2-3,8256.0,avrora,100.0,100.0
132,133.0,100.0,JDK3-2-3,8256.0,avrora,100.0,100.0
133,133.0,100.0,JDK3-2-3,9540.0,avrora,100.0,100.0
134,133.0,100.0,JDK3-2-3,9540.0,avrora,100.0,100.0
135,0.0,100.0,JDK3-2-3,0.0,avrora,100.0,100.0
136,0.0,100.0,JDK3-2-3,0.0,avrora,100.0,100.0
137,49.0,100.0,JDK3-2-3,800.0,avrora,100.0,100.0
138,49.0,100.0,JDK3-2-3,800.0,avrora,100.0,100.0
139,41.0,100.0,JDK3-2-3,2085.0,avrora,100.0,100.0
140,41.0,100.0,JDK3-2-3,2085.0,avrora,100.0,100.0
141,38.0,100.0,JDK3-2-3,4218.0,avrora,100.0,100.0
142,38.0,100.0,JDK3-2-3,4218.0,avrora,100.0,100.0
143,83.0,100.0,JDK3-2-3,4929.0,avrora,100.0,100.0
144,83.0,100.0,JDK3-2-3,4929.0,avrora,100.0,100.0
145,31.0,100.0,JDK3-2-3,5631.0,avrora,100.0,100.0
146,31.0,100.0,JDK3-2-3,5631.0,avrora,100.0,100.0
147,103.0,100.0,JDK3-2-3,6969.0,avrora,100.0,100.0
148,103.0,100.0,JDK3-2-3,6969.0,avrora,100.0,100.0
149,39.0,100.0,JDK3-2-3,7598.0,avrora,100.0,100.0
150,39.0,100.0,JDK3-2-3,7598.0,avrora,100.0,100.0
151,88.0,100.0,JDK3-2-3,8271.0,avrora,100.0,100.0
152,88.0,100.0,JDK3-2-3,8271.0,avrora,100.0,100.0
153,87.0,100.0,JDK3-2-3,9595.0,avrora,100.0,100.0
154,87.0,100.0,JDK3-2-3,9595.0,avrora,100.0,100.0
155,0.0,100.0,JDK3-2-3,0.0,avrora,100.0,100.0
156,0.0,100.0,JDK3-2-3,0.0,avrora,100.0,100.0
157,43.0,100.0,JDK3-2-3,842.0,avrora,100.0,100.0
158,43.0,100.0,JDK3-2-3,842.0,avrora,100.0,100.0
159,38.0,100.0,JDK3-2-3,1975.0,avrora,100.0,100.0
160,38.0,100.0,JDK3-2-3,1975.0,avrora,100.0,100.0
161,37.0,100.0,JDK3-2-3,3969.0,avrora,100.0,100.0
162,37.0,100.0,JDK3-2-3,3969.0,avrora,100.0,100.0
163,91.0,100.0,JDK3-2-3,4663.0,avrora,100.0,100.0
164,91.0,100.0,JDK3-2-3,4663.0,avrora,100.0,100.0
165,30.0,100.0,JDK3-2-3,5294.0,avrora,100.0,100.0
166,30.0,100.0,JDK3-2-3,5294.0,avrora,100.0,100.0
167,106.0,100.0,JDK3-2-3,6542.0,avrora,100.0,100.0
168,106.0,100.0,JDK3-2-3,6542.0,avrora,100.0,100.0
169,59.0,100.0,JDK3-2-3,7153.0,avrora,100.0,100.0
170,59.0,100.0,JDK3-2-3,7153.0,avrora,100.0,100.0
171,98.0,100.0,JDK3-2-3,7756.0,avrora,100.0,100.0
172,98.0,100.0,JDK3-2-3,7756.0,avrora,100.0,100.0
173,102.0,100.0,JDK3-2-3,8982.0,avrora,100.0,100.0
174,102.0,100.0,JDK3-2-3,8982.0,avrora,100.0,100.0
175,0.0,100.0,JDK3-2-3,0.0,avrora,100.0,100.0
176,0.0,100.0,JDK3-2-3,0.0,avrora,100.0,100.0
177,41.0,100.0,JDK3-2-3,660.0,avrora,100.0,100.0
178,41.0,100.0,JDK3-2-3,660.0,avrora,100.0,100.0
179,37.0,100.0,JDK3-2-3,1645.0,avrora,100.0,100.0
180,37.0,100.0,JDK3-2-3,1645.0,avrora,100.0,100.0
181,46.0,100.0,JDK3-2-3,3545.0,avrora,100.0,100.0
182,46.0,100.0,JDK3-2-3,3545.0,avrora,100.0,100.0
183,162.0,100.0,JDK3-2-3,4203.0,avrora,100.0,100.0
184,162.0,100.0,JDK3-2-3,4203.0,avrora,100.0,100.0
185,40.0,100.0,JDK3-2-3,4798.0,avrora,100.0,100.0
186,40.0,100.0,JDK3-2-3,4798.0,avrora,100.0,100.0
187,121.0,100.0,JDK3-2-3,6062.0,avrora,100.0,100.0
188,121.0,100.0,JDK3-2-3,6062.0,avrora,100.0,100.0
189,105.0,100.0,JDK3-2-3,6678.0,avrora,100.0,100.0
190,105.0,100.0,JDK3-2-3,6678.0,avrora,100.0,100.0
191,0.0,100.0,JDK3-2-3,7317.0,avrora,100.0,100.0
192,0.0,100.0,JDK3-2-3,7317.0,avrora,100.0,100.0
193,124.0,100.0,JDK3-2-3,8572.0,avrora,100.0,100.0
194,124.0,100.0,JDK3-2-3,8572.0,avrora,100.0,100.0
195,0.0,100.0,JDK3-2-3,0.0,avrora,100.0,100.0
196,0.0,100.0,JDK3-2-3,0.0,avrora,100.0,100.0
197,73.0,100.0,JDK3-2-3,799.0,avrora,100.0,100.0
198,73.0,100.0,JDK3-2-3,799.0,avrora,100.0,100.0
199,37.0,100.0,JDK3-2-3,1900.0,avrora,100.0,100.0
200,37.0,100.0,JDK3-2-3,1900.0,avrora,100.0,100.0
201,38.0,100.0,JDK3-2-3,3898.0,avrora,100.0,100.0
202,38.0,100.0,JDK3-2-3,3898.0,avrora,100.0,100.0
203,106.0,100.0,JDK3-2-3,4511.0,avrora,100.0,100.0
204,106.0,100.0,JDK3-2-3,4511.0,avrora,100.0,100.0
205,37.0,100.0,JDK3-2-3,5115.0,avrora,100.0,100.0
206,37.0,100.0,JDK3-2-3,5115.0,avrora,100.0,100.0
207,119.0,100.0,JDK3-2-3,6321.0,avrora,100.0,100.0
208,119.0,100.0,JDK3-2-3,6321.0,avrora,100.0,100.0
209,40.0,100.0,JDK3-2-3,6888.0,avrora,100.0,100.0
210,40.0,100.0,JDK3-2-3,6888.0,avrora,100.0,100.0
211,102.0,100.0,JDK3-2-3,7422.0,avrora,100.0,100.0
212,102.0,100.0,JDK3-2-3,7422.0,avrora,100.0,100.0
213,99.0,100.0,JDK3-2-3,8526.0,avrora,100.0,100.0
214,99.0,100.0,JDK3-2-3,8526.0,avrora,100.0,100.0
215,0.0,100.0,JDK3-2-3,0.0,avrora,100.0,100.0
216,0.0,100.0,JDK3-2-3,0.0,avrora,100.0,100.0
217,51.0,100.0,JDK3-2-3,1134.0,avrora,100.0,100.0
218,51.0,100.0,JDK3-2-3,1134.0,avrora,100.0,100.0
219,37.0,100.0,JDK3-2-3,2280.0,avrora,100.0,100.0
220,37.0,100.0,JDK3-2-3,2280.0,avrora,100.0,100.0
221,36.0,100.0,JDK3-2-3,4201.0,avrora,100.0,100.0
222,36.0,100.0,JDK3-2-3,4201.0,avrora,100.0,100.0
223,85.0,100.0,JDK3-2-3,4790.0,avrora,100.0,100.0
224,85.0,100.0,JDK3-2-3,4790.0,avrora,100.0,100.0
225,33.0,100.0,JDK3-2-3,5375.0,avrora,100.0,100.0
226,33.0,100.0,JDK3-2-3,5375.0,avrora,100.0,100.0
227,108.0,100.0,JDK3-2-3,6530.0,avrora,100.0,100.0
228,108.0,100.0,JDK3-2-3,6530.0,avrora,100.0,100.0
229,39.0,100.0,JDK3-2-3,7092.0,avrora,100.0,100.0
230,39.0,100.0,JDK3-2-3,7092.0,avrora,100.0,100.0
231,98.0,100.0,JDK3-2-3,7643.0,avrora,100.0,100.0
232,98.0,100.0,JDK3-2-3,7643.0,avrora,100.0,100.0
233,90.0,100.0,JDK3-2-3,8819.0,avrora,100.0,100.0
234,90.0,100.0,JDK3-2-3,8819.0,avrora,100.0,100.0
235,0.0,100.0,JDK3-2-3,0.0,avrora,100.0,100.0
236,0.0,100.0,JDK3-2-3,0.0,avrora,100.0,100.0
237,46.0,100.0,JDK3-2-3,426.0,avrora,100.0,100.0
238,46.0,100.0,JDK3-2-3,426.0,avrora,100.0,100.0
239,40.0,100.0,JDK3-2-3,1516.0,avrora,100.0,100.0
240,40.0,100.0,JDK3-2-3,1516.0,avrora,100.0,100.0
241,41.0,100.0,JDK3-2-3,3691.0,avrora,100.0,100.0
242,41.0,100.0,JDK3-2-3,3691.0,avrora,100.0,100.0
243,82.0,100.0,JDK3-2-3,4354.0,avrora,100.0,100.0
244,82.0,100.0,JDK3-2-3,4354.0,avrora,100.0,100.0
245,28.0,100.0,JDK3-2-3,4996.0,avrora,100.0,100.0
246,28.0,100.0,JDK3-2-3,4996.0,avrora,100.0,100.0
247,90.0,100.0,JDK3-2-3,6323.0,avrora,100.0,100.0
248,90.0,100.0,JDK3-2-3,6323.0,avrora,100.0,100.0
249,24.0,100.0,JDK3-2-3,6985.0,avrora,100.0,100.0
250,24.0,100.0,JDK3-2-3,6985.0,avrora,100.0,100.0
251,76.0,100.0,JDK3-2-3,7633.0,avrora,100.0,100.0
252,76.0,100.0,JDK3-2-3,7633.0,avrora,100.0,100.0
253,76.0,100.0,JDK3-2-3,8948.0,avrora,100.0,100.0
254,76.0,100.0,JDK3-2-3,8948.0,avrora,100.0,100.0
255,0.0,100.0,JDK3-2-3,0.0,avrora,100.0,100.0
256,0.0,100.0,JDK3-2-3,0.0,avrora,100.0,100.0
257,0.0,100.0,JDK3-2-3,675.0,avrora,100.0,100.0
258,0.0,100.0,JDK3-2-3,675.0,avrora,100.0,100.0
259,25.0,100.0,JDK3-2-3,1730.0,avrora,100.0,100.0
260,25.0,100.0,JDK3-2-3,1730.0,avrora,100.0,100.0
261,36.0,100.0,JDK3-2-3,3735.0,avrora,100.0,100.0
262,36.0,100.0,JDK3-2-3,3735.0,avrora,100.0,100.0
263,90.0,100.0,JDK3-2-3,4406.0,avrora,100.0,100.0
264,90.0,100.0,JDK3-2-3,4406.0,avrora,100.0,100.0
265,40.0,100.0,JDK3-2-3,5053.0,avrora,100.0,100.0
266,40.0,100.0,JDK3-2-3,5053.0,avrora,100.0,100.0
267,92.0,100.0,JDK3-2-3,6322.0,avrora,100.0,100.0
268,92.0,100.0,JDK3-2-3,6322.0,avrora,100.0,100.0
269,50.0,100.0,JDK3-2-3,6958.0,avrora,100.0,100.0
270,50.0,100.0,JDK3-2-3,6958.0,avrora,100.0,100.0
271,85.0,100.0,JDK3-2-3,7534.0,avrora,100.0,100.0
272,85.0,100.0,JDK3-2-3,7534.0,avrora,100.0,100.0
273,85.0,100.0,JDK3-2-3,8714.0,avrora,100.0,100.0
274,85.0,100.0,JDK3-2-3,8714.0,avrora,100.0,100.0
275,0.0,100.0,JDK3-2-3,0.0,avrora,100.0,100.0
276,0.0,100.0,JDK3-2-3,0.0,avrora,100.0,100.0
277,76.0,100.0,JDK3-2-3,677.0,avrora,100.0,100.0
278,76.0,100.0,JDK3-2-3,677.0,avrora,100.0,100.0
279,38.0,100.0,JDK3-2-3,1890.0,avrora,100.0,100.0
280,38.0,100.0,JDK3-2-3,1890.0,avrora,100.0,100.0
281,34.0,100.0,JDK3-2-3,4047.0,avrora,100.0,100.0
282,34.0,100.0,JDK3-2-3,4047.0,avrora,100.0,100.0
283,87.0,100.0,JDK3-2-3,4723.0,avrora,100.0,100.0
284,87.0,100.0,JDK3-2-3,4723.0,avrora,100.0,100.0
285,89.0,100.0,JDK3-2-3,5407.0,avrora,100.0,100.0
286,89.0,100.0,JDK3-2-3,5407.0,avrora,100.0,100.0
287,128.0,100.0,JDK3-2-3,6721.0,avrora,100.0,100.0
288,128.0,100.0,JDK3-2-3,6721.0,avrora,100.0,100.0
289,115.0,100.0,JDK3-2-3,7390.0,avrora,100.0,100.0
290,115.0,100.0,JDK3-2-3,7390.0,avrora,100.0,100.0
291,136.0,100.0,JDK3-2-3,8079.0,avrora,100.0,100.0
292,136.0,100.0,JDK3-2-3,8079.0,avrora,100.0,100.0
293,0.0,100.0,JDK3-2-3,0.0,avrora,100.0,100.0
294,0.0,100.0,JDK3-2-3,0.0,avrora,100.0,100.0
295,73.0,100.0,JDK3-2-3,814.0,avrora,100.0,100.0
296,73.0,100.0,JDK3-2-3,814.0,avrora,100.0,100.0
297,41.0,100.0,JDK3-2-3,1941.0,avrora,100.0,100.0
298,41.0,100.0,JDK3-2-3,1941.0,avrora,100.0,100.0
299,44.0,100.0,JDK3-2-3,4078.0,avrora,100.0,100.0
300,44.0,100.0,JDK3-2-3,4078.0,avrora,100.0,100.0
301,138.0,100.0,JDK3-2-3,4820.0,avrora,100.0,100.0
302,138.0,100.0,JDK3-2-3,4820.0,avrora,100.0,100.0
303,28.0,100.0,JDK3-2-3,5472.0,avrora,100.0,100.0
304,28.0,100.0,JDK3-2-3,5472.0,avrora,100.0,100.0
305,0.0,100.0,JDK3-2-3,6801.0,avrora,100.0,100.0
306,0.0,100.0,JDK3-2-3,6801.0,avrora,100.0,100.0
307,64.0,100.0,JDK3-2-3,7461.0,avrora,100.0,100.0
308,64.0,100.0,JDK3-2-3,7461.0,avrora,100.0,100.0
309,98.0,100.0,JDK3-2-3,8134.0,avrora,100.0,100.0
310,98.0,100.0,JDK3-2-3,8134.0,avrora,100.0,100.0
311,101.0,100.0,JDK3-2-3,9473.0,avrora,100.0,100.0
312,101.0,100.0,JDK3-2-3,9473.0,avrora,100.0,100.0
0,0.0,0.0,JDKE,0.0,avrora,100.0,100.0
1,38.0,0.0,JDKE,786.0,avrora,100.0,100.0
2,18.0,0.0,JDKE,1793.0,avrora,100.0,100.0
3,16.0,0.0,JDKE,3882.0,avrora,100.0,100.0
4,83.0,0.0,JDKE,4548.0,avrora,100.0,100.0
5,20.0,0.0,JDKE,5191.0,avrora,100.0,100.0
6,63.0,0.0,JDKE,6451.0,avrora,100.0,100.0
7,19.0,0.0,JDKE,7062.0,avrora,100.0,100.0
8,57.0,0.0,JDKE,7669.0,avrora,100.0,100.0
9,66.0,0.0,JDKE,8884.0,avrora,100.0,100.0
10,0.0,0.0,JDKE,0.0,avrora,100.0,100.0
11,36.0,0.0,JDKE,793.0,avrora,100.0,100.0
12,16.0,0.0,JDKE,1889.0,avrora,100.0,100.0
13,21.0,0.0,JDKE,4062.0,avrora,100.0,100.0
14,81.0,0.0,JDKE,4740.0,avrora,100.0,100.0
15,17.0,0.0,JDKE,5421.0,avrora,100.0,100.0
16,64.0,0.0,JDKE,6685.0,avrora,100.0,100.0
17,22.0,0.0,JDKE,7313.0,avrora,100.0,100.0
18,61.0,0.0,JDKE,7936.0,avrora,100.0,100.0
19,0.0,0.0,JDKE,0.0,avrora,100.0,100.0
20,30.0,0.0,JDKE,819.0,avrora,100.0,100.0
21,22.0,0.0,JDKE,1930.0,avrora,100.0,100.0
22,19.0,0.0,JDKE,4104.0,avrora,100.0,100.0
23,140.0,0.0,JDKE,4808.0,avrora,100.0,100.0
24,17.0,0.0,JDKE,5457.0,avrora,100.0,100.0
25,85.0,0.0,JDKE,6763.0,avrora,100.0,100.0
26,33.0,0.0,JDKE,7387.0,avrora,100.0,100.0
27,81.0,0.0,JDKE,8021.0,avrora,100.0,100.0
28,82.0,0.0,JDKE,9299.0,avrora,100.0,100.0
29,0.0,0.0,JDKE,0.0,avrora,100.0,100.0
30,58.0,0.0,JDKE,838.0,avrora,100.0,100.0
31,23.0,0.0,JDKE,2032.0,avrora,100.0,100.0
32,23.0,0.0,JDKE,4305.0,avrora,100.0,100.0
33,85.0,0.0,JDKE,4991.0,avrora,100.0,100.0
34,18.0,0.0,JDKE,5687.0,avrora,100.0,100.0
35,84.0,0.0,JDKE,6999.0,avrora,100.0,100.0
36,25.0,0.0,JDKE,7622.0,avrora,100.0,100.0
37,72.0,0.0,JDKE,8281.0,avrora,100.0,100.0
38,0.0,0.0,JDKE,0.0,avrora,100.0,100.0
39,51.0,0.0,JDKE,827.0,avrora,100.0,100.0
40,23.0,0.0,JDKE,1995.0,avrora,100.0,100.0
41,21.0,0.0,JDKE,4318.0,avrora,100.0,100.0
42,80.0,0.0,JDKE,5051.0,avrora,100.0,100.0
43,13.0,0.0,JDKE,5714.0,avrora,100.0,100.0
44,64.0,0.0,JDKE,7057.0,avrora,100.0,100.0
45,37.0,0.0,JDKE,7744.0,avrora,100.0,100.0
46,63.0,0.0,JDKE,8424.0,avrora,100.0,100.0
47,0.0,0.0,JDKE,0.0,avrora,100.0,100.0
48,65.0,0.0,JDKE,821.0,avrora,100.0,100.0
49,31.0,0.0,JDKE,1835.0,avrora,100.0,100.0
50,28.0,0.0,JDKE,3697.0,avrora,100.0,100.0
51,147.0,0.0,JDKE,4358.0,avrora,100.0,100.0
52,20.0,0.0,JDKE,4999.0,avrora,100.0,100.0
53,96.0,0.0,JDKE,6206.0,avrora,100.0,100.0
54,40.0,0.0,JDKE,6853.0,avrora,100.0,100.0
55,78.0,0.0,JDKE,7472.0,avrora,100.0,100.0
56,92.0,0.0,JDKE,8680.0,avrora,100.0,100.0
57,0.0,0.0,JDKE,0.0,avrora,100.0,100.0
58,37.0,0.0,JDKE,871.0,avrora,100.0,100.0
59,13.0,0.0,JDKE,2028.0,avrora,100.0,100.0
60,14.0,0.0,JDKE,4212.0,avrora,100.0,100.0
61,1.0,0.0,JDKE,4912.0,avrora,100.0,100.0
62,14.0,0.0,JDKE,5586.0,avrora,100.0,100.0
63,59.0,0.0,JDKE,6894.0,avrora,100.0,100.0
64,21.0,0.0,JDKE,7606.0,avrora,100.0,100.0
65,52.0,0.0,JDKE,8253.0,avrora,100.0,100.0
66,65.0,0.0,JDKE,9545.0,avrora,100.0,100.0
67,0.0,0.0,JDKE,0.0,avrora,100.0,100.0
68,36.0,0.0,JDKE,820.0,avrora,100.0,100.0
69,21.0,0.0,JDKE,1925.0,avrora,100.0,100.0
70,24.0,0.0,JDKE,4194.0,avrora,100.0,100.0
71,89.0,0.0,JDKE,4893.0,avrora,100.0,100.0
72,19.0,0.0,JDKE,5599.0,avrora,100.0,100.0
73,64.0,0.0,JDKE,6949.0,avrora,100.0,100.0
74,55.0,0.0,JDKE,7629.0,avrora,100.0,100.0
75,66.0,0.0,JDKE,8299.0,avrora,100.0,100.0
76,62.0,0.0,JDKE,9640.0,avrora,100.0,100.0
77,0.0,0.0,JDKE,0.0,avrora,100.0,100.0
78,35.0,0.0,JDKE,852.0,avrora,100.0,100.0
79,13.0,0.0,JDKE,1951.0,avrora,100.0,100.0
80,53.0,0.0,JDKE,4138.0,avrora,100.0,100.0
81,82.0,0.0,JDKE,4788.0,avrora,100.0,100.0
82,51.0,0.0,JDKE,5480.0,avrora,100.0,100.0
83,65.0,0.0,JDKE,6859.0,avrora,100.0,100.0
84,30.0,0.0,JDKE,7520.0,avrora,100.0,100.0
85,58.0,0.0,JDKE,8141.0,avrora,100.0,100.0
86,72.0,0.0,JDKE,9418.0,avrora,100.0,100.0
87,0.0,0.0,JDKE,0.0,avrora,100.0,100.0
88,35.0,0.0,JDKE,806.0,avrora,100.0,100.0
89,21.0,0.0,JDKE,1838.0,avrora,100.0,100.0
90,19.0,0.0,JDKE,4127.0,avrora,100.0,100.0
91,80.0,0.0,JDKE,4829.0,avrora,100.0,100.0
92,20.0,0.0,JDKE,5530.0,avrora,100.0,100.0
93,69.0,0.0,JDKE,6821.0,avrora,100.0,100.0
94,37.0,0.0,JDKE,7440.0,avrora,100.0,100.0
95,63.0,0.0,JDKE,8087.0,avrora,100.0,100.0
96,0.0,0.0,JDKE,0.0,avrora,100.0,100.0
97,36.0,0.0,JDKE,795.0,avrora,100.0,100.0
98,21.0,0.0,JDKE,1859.0,avrora,100.0,100.0
99,21.0,0.0,JDKE,3841.0,avrora,100.0,100.0
100,84.0,0.0,JDKE,4504.0,avrora,100.0,100.0
101,13.0,0.0,JDKE,5115.0,avrora,100.0,100.0
102,65.0,0.0,JDKE,6386.0,avrora,100.0,100.0
103,29.0,0.0,JDKE,7017.0,avrora,100.0,100.0
104,62.0,0.0,JDKE,7614.0,avrora,100.0,100.0
105,68.0,0.0,JDKE,8874.0,avrora,100.0,100.0
106,0.0,0.0,JDKE,0.0,avrora,0.0,0.0
107,0.0,0.0,JDKE,0.0,avrora,100.0,100.0
108,34.0,0.0,JDKE,786.0,avrora,100.0,100.0
109,24.0,0.0,JDKE,1901.0,avrora,100.0,100.0
110,19.0,0.0,JDKE,4191.0,avrora,100.0,100.0
111,86.0,0.0,JDKE,4889.0,avrora,100.0,100.0
112,16.0,0.0,JDKE,5589.0,avrora,100.0,100.0
113,83.0,0.0,JDKE,6914.0,avrora,100.0,100.0
114,27.0,0.0,JDKE,7607.0,avrora,100.0,100.0
115,67.0,0.0,JDKE,8247.0,avrora,100.0,100.0
116,0.0,0.0,JDKE,0.0,avrora,100.0,100.0
117,38.0,0.0,JDKE,799.0,avrora,100.0,100.0
118,14.0,0.0,JDKE,1896.0,avrora,100.0,100.0
119,21.0,0.0,JDKE,3928.0,avrora,100.0,100.0
120,130.0,0.0,JDKE,4568.0,avrora,100.0,100.0
121,17.0,0.0,JDKE,5197.0,avrora,100.0,100.0
122,89.0,0.0,JDKE,6478.0,avrora,100.0,100.0
123,30.0,0.0,JDKE,7097.0,avrora,100.0,100.0
124,82.0,0.0,JDKE,7705.0,avrora,100.0,100.0
125,99.0,0.0,JDKE,8982.0,avrora,100.0,100.0
126,0.0,0.0,JDKE,0.0,avrora,100.0,100.0
127,38.0,0.0,JDKE,821.0,avrora,100.0,100.0
128,22.0,0.0,JDKE,1939.0,avrora,100.0,100.0
129,21.0,0.0,JDKE,4205.0,avrora,100.0,100.0
130,82.0,0.0,JDKE,4939.0,avrora,100.0,100.0
131,13.0,0.0,JDKE,5619.0,avrora,100.0,100.0
132,109.0,0.0,JDKE,6955.0,avrora,100.0,100.0
133,33.0,0.0,JDKE,7625.0,avrora,100.0,100.0
134,107.0,0.0,JDKE,8288.0,avrora,100.0,100.0
135,94.0,0.0,JDKE,9589.0,avrora,100.0,100.0
136,0.0,0.0,JDKE,0.0,avrora,100.0,100.0
137,26.0,0.0,JDKE,823.0,avrora,100.0,100.0
138,11.0,0.0,JDKE,1955.0,avrora,100.0,100.0
139,22.0,0.0,JDKE,4220.0,avrora,100.0,100.0
140,136.0,0.0,JDKE,4914.0,avrora,100.0,100.0
141,21.0,0.0,JDKE,5599.0,avrora,100.0,100.0
142,82.0,0.0,JDKE,6983.0,avrora,100.0,100.0
143,39.0,0.0,JDKE,7663.0,avrora,100.0,100.0
144,70.0,0.0,JDKE,8345.0,avrora,100.0,100.0
145,0.0,0.0,JDKE,0.0,avrora,100.0,100.0
146,37.0,0.0,JDKE,839.0,avrora,100.0,100.0
147,13.0,0.0,JDKE,1918.0,avrora,100.0,100.0
148,25.0,0.0,JDKE,3993.0,avrora,100.0,100.0
149,97.0,0.0,JDKE,4644.0,avrora,100.0,100.0
150,14.0,0.0,JDKE,5322.0,avrora,100.0,100.0
151,104.0,0.0,JDKE,6663.0,avrora,100.0,100.0
152,19.0,0.0,JDKE,7310.0,avrora,100.0,100.0
153,72.0,0.0,JDKE,7943.0,avrora,100.0,100.0
154,75.0,0.0,JDKE,9170.0,avrora,100.0,100.0
0,0.0,100.0,JDK2-2-2,0.0,avrora,100.0,100.0
1,0.0,100.0,JDK2-2-2,0.0,avrora,100.0,100.0
2,73.0,100.0,JDK2-2-2,13907.0,avrora,100.0,100.0
3,73.0,100.0,JDK2-2-2,13907.0,avrora,100.0,100.0
4,33.0,100.0,JDK2-2-2,15187.0,avrora,100.0,100.0
5,33.0,100.0,JDK2-2-2,15187.0,avrora,100.0,100.0
6,32.0,100.0,JDK2-2-2,17407.0,avrora,100.0,100.0
7,32.0,100.0,JDK2-2-2,17407.0,avrora,100.0,100.0
8,93.0,100.0,JDK2-2-2,18022.0,avrora,100.0,100.0
9,93.0,100.0,JDK2-2-2,18022.0,avrora,100.0,100.0
10,28.0,100.0,JDK2-2-2,18702.0,avrora,100.0,100.0
11,28.0,100.0,JDK2-2-2,18702.0,avrora,100.0,100.0
12,104.0,100.0,JDK2-2-2,19970.0,avrora,100.0,100.0
13,104.0,100.0,JDK2-2-2,19970.0,avrora,100.0,100.0
14,47.0,100.0,JDK2-2-2,20579.0,avrora,100.0,100.0
15,47.0,100.0,JDK2-2-2,20579.0,avrora,100.0,100.0
16,101.0,100.0,JDK2-2-2,21181.0,avrora,100.0,100.0
17,101.0,100.0,JDK2-2-2,21181.0,avrora,100.0,100.0
18,102.0,100.0,JDK2-2-2,22399.0,avrora,100.0,100.0
19,102.0,100.0,JDK2-2-2,22399.0,avrora,100.0,100.0
20,0.0,100.0,JDK2-2-2,0.0,avrora,100.0,100.0
21,0.0,100.0,JDK2-2-2,0.0,avrora,100.0,100.0
22,79.0,100.0,JDK2-2-2,21085.0,avrora,100.0,100.0
23,79.0,100.0,JDK2-2-2,21085.0,avrora,100.0,100.0
24,43.0,100.0,JDK2-2-2,22150.0,avrora,100.0,100.0
25,43.0,100.0,JDK2-2-2,22150.0,avrora,100.0,100.0
26,43.0,100.0,JDK2-2-2,24217.0,avrora,100.0,100.0
27,43.0,100.0,JDK2-2-2,24217.0,avrora,100.0,100.0
28,137.0,100.0,JDK2-2-2,24843.0,avrora,100.0,100.0
29,137.0,100.0,JDK2-2-2,24843.0,avrora,100.0,100.0
30,0.0,100.0,JDK2-2-2,25456.0,avrora,100.0,100.0
31,0.0,100.0,JDK2-2-2,25456.0,avrora,100.0,100.0
32,122.0,100.0,JDK2-2-2,26637.0,avrora,100.0,100.0
33,122.0,100.0,JDK2-2-2,26637.0,avrora,100.0,100.0
34,70.0,100.0,JDK2-2-2,27243.0,avrora,100.0,100.0
35,70.0,100.0,JDK2-2-2,27243.0,avrora,100.0,100.0
36,101.0,100.0,JDK2-2-2,27851.0,avrora,100.0,100.0
37,101.0,100.0,JDK2-2-2,27851.0,avrora,100.0,100.0
38,121.0,100.0,JDK2-2-2,29129.0,avrora,100.0,100.0
39,121.0,100.0,JDK2-2-2,29129.0,avrora,100.0,100.0
40,0.0,100.0,JDK2-2-2,0.0,avrora,100.0,100.0
41,0.0,100.0,JDK2-2-2,0.0,avrora,100.0,100.0
42,47.0,100.0,JDK2-2-2,15431.0,avrora,100.0,100.0
43,47.0,100.0,JDK2-2-2,15431.0,avrora,100.0,100.0
44,26.0,100.0,JDK2-2-2,16717.0,avrora,100.0,100.0
45,26.0,100.0,JDK2-2-2,16717.0,avrora,100.0,100.0
46,28.0,100.0,JDK2-2-2,18804.0,avrora,100.0,100.0
47,28.0,100.0,JDK2-2-2,18804.0,avrora,100.0,100.0
48,3.0,100.0,JDK2-2-2,19462.0,avrora,100.0,100.0
49,3.0,100.0,JDK2-2-2,19462.0,avrora,100.0,100.0
50,34.0,100.0,JDK2-2-2,20125.0,avrora,100.0,100.0
51,34.0,100.0,JDK2-2-2,20125.0,avrora,100.0,100.0
52,68.0,100.0,JDK2-2-2,21483.0,avrora,100.0,100.0
53,68.0,100.0,JDK2-2-2,21483.0,avrora,100.0,100.0
54,37.0,100.0,JDK2-2-2,22147.0,avrora,100.0,100.0
55,37.0,100.0,JDK2-2-2,22147.0,avrora,100.0,100.0
56,61.0,100.0,JDK2-2-2,22794.0,avrora,100.0,100.0
57,61.0,100.0,JDK2-2-2,22794.0,avrora,100.0,100.0
58,70.0,100.0,JDK2-2-2,24033.0,avrora,100.0,100.0
59,70.0,100.0,JDK2-2-2,24033.0,avrora,100.0,100.0
60,0.0,100.0,JDK2-2-2,0.0,avrora,100.0,100.0
61,0.0,100.0,JDK2-2-2,0.0,avrora,100.0,100.0
62,50.0,100.0,JDK2-2-2,16274.0,avrora,100.0,12.5
63,50.0,100.0,JDK2-2-2,16274.0,avrora,100.0,12.5
64,27.0,100.0,JDK2-2-2,17452.0,avrora,100.0,100.0
65,27.0,100.0,JDK2-2-2,17452.0,avrora,100.0,100.0
66,28.0,100.0,JDK2-2-2,19562.0,avrora,100.0,100.0
67,28.0,100.0,JDK2-2-2,19562.0,avrora,100.0,100.0
68,89.0,100.0,JDK2-2-2,20270.0,avrora,100.0,100.0
69,89.0,100.0,JDK2-2-2,20270.0,avrora,100.0,100.0
70,28.0,100.0,JDK2-2-2,20928.0,avrora,100.0,100.0
71,28.0,100.0,JDK2-2-2,20928.0,avrora,100.0,100.0
72,110.0,100.0,JDK2-2-2,22321.0,avrora,100.0,100.0
73,110.0,100.0,JDK2-2-2,22321.0,avrora,100.0,100.0
74,74.0,100.0,JDK2-2-2,22981.0,avrora,100.0,100.0
75,74.0,100.0,JDK2-2-2,22981.0,avrora,100.0,100.0
76,97.0,100.0,JDK2-2-2,23657.0,avrora,100.0,100.0
77,97.0,100.0,JDK2-2-2,23657.0,avrora,100.0,100.0
78,104.0,100.0,JDK2-2-2,24973.0,avrora,100.0,100.0
79,104.0,100.0,JDK2-2-2,24973.0,avrora,100.0,100.0
80,0.0,100.0,JDK2-2-2,0.0,avrora,100.0,100.0
81,0.0,100.0,JDK2-2-2,0.0,avrora,100.0,100.0
82,80.0,100.0,JDK2-2-2,17322.0,avrora,100.0,100.0
83,80.0,100.0,JDK2-2-2,17322.0,avrora,100.0,100.0
84,33.0,100.0,JDK2-2-2,18648.0,avrora,100.0,100.0
85,33.0,100.0,JDK2-2-2,18648.0,avrora,100.0,100.0
86,40.0,100.0,JDK2-2-2,20478.0,avrora,100.0,100.0
87,40.0,100.0,JDK2-2-2,20478.0,avrora,100.0,100.0
88,89.0,100.0,JDK2-2-2,21114.0,avrora,100.0,100.0
89,89.0,100.0,JDK2-2-2,21114.0,avrora,100.0,100.0
90,44.0,100.0,JDK2-2-2,21742.0,avrora,100.0,100.0
91,44.0,100.0,JDK2-2-2,21742.0,avrora,100.0,100.0
92,111.0,100.0,JDK2-2-2,22968.0,avrora,100.0,100.0
93,111.0,100.0,JDK2-2-2,22968.0,avrora,100.0,100.0
94,68.0,100.0,JDK2-2-2,23593.0,avrora,100.0,100.0
95,68.0,100.0,JDK2-2-2,23593.0,avrora,100.0,100.0
96,71.0,100.0,JDK2-2-2,24187.0,avrora,100.0,100.0
97,71.0,100.0,JDK2-2-2,24187.0,avrora,100.0,100.0
98,79.0,100.0,JDK2-2-2,25400.0,avrora,100.0,100.0
99,79.0,100.0,JDK2-2-2,25400.0,avrora,100.0,100.0
100,0.0,100.0,JDK2-2-2,0.0,avrora,100.0,100.0
101,0.0,100.0,JDK2-2-2,0.0,avrora,100.0,100.0
102,0.0,100.0,JDK2-2-2,14486.0,avrora,100.0,100.0
103,0.0,100.0,JDK2-2-2,14486.0,avrora,100.0,100.0
104,28.0,100.0,JDK2-2-2,15714.0,avrora,100.0,100.0
105,28.0,100.0,JDK2-2-2,15714.0,avrora,100.0,100.0
106,88.0,100.0,JDK2-2-2,17914.0,avrora,100.0,100.0
107,88.0,100.0,JDK2-2-2,17914.0,avrora,100.0,100.0
108,90.0,100.0,JDK2-2-2,18628.0,avrora,100.0,100.0
109,90.0,100.0,JDK2-2-2,18628.0,avrora,100.0,100.0
110,103.0,100.0,JDK2-2-2,19288.0,avrora,100.0,100.0
111,103.0,100.0,JDK2-2-2,19288.0,avrora,100.0,100.0
112,151.0,100.0,JDK2-2-2,20661.0,avrora,100.0,100.0
113,151.0,100.0,JDK2-2-2,20661.0,avrora,100.0,100.0
114,154.0,100.0,JDK2-2-2,21329.0,avrora,100.0,100.0
115,154.0,100.0,JDK2-2-2,21329.0,avrora,100.0,100.0
116,133.0,100.0,JDK2-2-2,21986.0,avrora,100.0,100.0
117,133.0,100.0,JDK2-2-2,21986.0,avrora,100.0,100.0
118,153.0,100.0,JDK2-2-2,23161.0,avrora,100.0,100.0
119,153.0,100.0,JDK2-2-2,23161.0,avrora,100.0,100.0
120,0.0,100.0,JDK2-2-2,0.0,avrora,100.0,100.0
121,0.0,100.0,JDK2-2-2,0.0,avrora,100.0,100.0
122,51.0,100.0,JDK2-2-2,19655.0,avrora,100.0,12.5
123,51.0,100.0,JDK2-2-2,19655.0,avrora,100.0,12.5
124,24.0,100.0,JDK2-2-2,20790.0,avrora,100.0,100.0
125,24.0,100.0,JDK2-2-2,20790.0,avrora,100.0,100.0
126,35.0,100.0,JDK2-2-2,22926.0,avrora,100.0,100.0
127,35.0,100.0,JDK2-2-2,22926.0,avrora,100.0,100.0
128,89.0,100.0,JDK2-2-2,23611.0,avrora,100.0,100.0
129,89.0,100.0,JDK2-2-2,23611.0,avrora,100.0,100.0
130,29.0,100.0,JDK2-2-2,24434.0,avrora,100.0,100.0
131,29.0,100.0,JDK2-2-2,24434.0,avrora,100.0,100.0
132,114.0,100.0,JDK2-2-2,25691.0,avrora,100.0,100.0
133,114.0,100.0,JDK2-2-2,25691.0,avrora,100.0,100.0
134,55.0,100.0,JDK2-2-2,26351.0,avrora,100.0,100.0
135,55.0,100.0,JDK2-2-2,26351.0,avrora,100.0,100.0
136,85.0,100.0,JDK2-2-2,27012.0,avrora,100.0,100.0
137,85.0,100.0,JDK2-2-2,27012.0,avrora,100.0,100.0
138,89.0,100.0,JDK2-2-2,28307.0,avrora,100.0,100.0
139,89.0,100.0,JDK2-2-2,28307.0,avrora,100.0,100.0
140,0.0,100.0,JDK2-2-2,0.0,avrora,100.0,100.0
141,0.0,100.0,JDK2-2-2,0.0,avrora,100.0,100.0
142,47.0,100.0,JDK2-2-2,13994.0,avrora,100.0,12.5
143,47.0,100.0,JDK2-2-2,13994.0,avrora,100.0,12.5
144,23.0,100.0,JDK2-2-2,15199.0,avrora,100.0,100.0
145,23.0,100.0,JDK2-2-2,15199.0,avrora,100.0,100.0
146,28.0,100.0,JDK2-2-2,16990.0,avrora,100.0,100.0
147,28.0,100.0,JDK2-2-2,16990.0,avrora,100.0,100.0
148,14.0,100.0,JDK2-2-2,17593.0,avrora,100.0,100.0
149,14.0,100.0,JDK2-2-2,17593.0,avrora,100.0,100.0
150,30.0,100.0,JDK2-2-2,18267.0,avrora,100.0,100.0
151,30.0,100.0,JDK2-2-2,18267.0,avrora,100.0,100.0
152,69.0,100.0,JDK2-2-2,19533.0,avrora,100.0,100.0
153,69.0,100.0,JDK2-2-2,19533.0,avrora,100.0,100.0
154,39.0,100.0,JDK2-2-2,20170.0,avrora,100.0,100.0
155,39.0,100.0,JDK2-2-2,20170.0,avrora,100.0,100.0
156,66.0,100.0,JDK2-2-2,20774.0,avrora,100.0,100.0
157,66.0,100.0,JDK2-2-2,20774.0,avrora,100.0,100.0
158,70.0,100.0,JDK2-2-2,21993.0,avrora,100.0,100.0
159,70.0,100.0,JDK2-2-2,21993.0,avrora,100.0,100.0
160,0.0,100.0,JDK2-2-2,0.0,avrora,100.0,100.0
161,0.0,100.0,JDK2-2-2,0.0,avrora,100.0,100.0
162,42.0,100.0,JDK2-2-2,16037.0,avrora,100.0,100.0
163,42.0,100.0,JDK2-2-2,16037.0,avrora,100.0,100.0
164,23.0,100.0,JDK2-2-2,17327.0,avrora,100.0,100.0
165,23.0,100.0,JDK2-2-2,17327.0,avrora,100.0,100.0
166,30.0,100.0,JDK2-2-2,19492.0,avrora,100.0,100.0
167,30.0,100.0,JDK2-2-2,19492.0,avrora,100.0,100.0
168,3.0,100.0,JDK2-2-2,20186.0,avrora,100.0,100.0
169,3.0,100.0,JDK2-2-2,20186.0,avrora,100.0,100.0
170,23.0,100.0,JDK2-2-2,20817.0,avrora,100.0,100.0
171,23.0,100.0,JDK2-2-2,20817.0,avrora,100.0,100.0
172,83.0,100.0,JDK2-2-2,22096.0,avrora,100.0,12.5
173,83.0,100.0,JDK2-2-2,22096.0,avrora,100.0,12.5
174,45.0,100.0,JDK2-2-2,22730.0,avrora,100.0,100.0
175,45.0,100.0,JDK2-2-2,22730.0,avrora,100.0,100.0
176,69.0,100.0,JDK2-2-2,23338.0,avrora,100.0,100.0
177,69.0,100.0,JDK2-2-2,23338.0,avrora,100.0,100.0
178,82.0,100.0,JDK2-2-2,24571.0,avrora,100.0,100.0
179,82.0,100.0,JDK2-2-2,24571.0,avrora,100.0,100.0
180,0.0,100.0,JDK2-2-2,0.0,avrora,100.0,100.0
181,0.0,100.0,JDK2-2-2,0.0,avrora,100.0,100.0
182,76.0,100.0,JDK2-2-2,24152.0,avrora,100.0,100.0
183,76.0,100.0,JDK2-2-2,24152.0,avrora,100.0,100.0
184,47.0,100.0,JDK2-2-2,25310.0,avrora,100.0,100.0
185,47.0,100.0,JDK2-2-2,25310.0,avrora,100.0,100.0
186,56.0,100.0,JDK2-2-2,27225.0,avrora,100.0,100.0
187,56.0,100.0,JDK2-2-2,27225.0,avrora,100.0,100.0
188,220.0,100.0,JDK2-2-2,27933.0,avrora,100.0,100.0
189,220.0,100.0,JDK2-2-2,27933.0,avrora,100.0,100.0
190,80.0,100.0,JDK2-2-2,28591.0,avrora,100.0,100.0
191,80.0,100.0,JDK2-2-2,28591.0,avrora,100.0,100.0
192,138.0,100.0,JDK2-2-2,29916.0,avrora,100.0,100.0
193,138.0,100.0,JDK2-2-2,29916.0,avrora,100.0,100.0
194,141.0,100.0,JDK2-2-2,30555.0,avrora,100.0,100.0
195,141.0,100.0,JDK2-2-2,30555.0,avrora,100.0,100.0
196,183.0,100.0,JDK2-2-2,31203.0,avrora,100.0,100.0
197,183.0,100.0,JDK2-2-2,31203.0,avrora,100.0,100.0
198,174.0,100.0,JDK2-2-2,32454.0,avrora,100.0,100.0
199,174.0,100.0,JDK2-2-2,32454.0,avrora,100.0,100.0
200,0.0,100.0,JDK2-2-2,0.0,avrora,100.0,100.0
201,0.0,100.0,JDK2-2-2,0.0,avrora,100.0,100.0
202,48.0,100.0,JDK2-2-2,14123.0,avrora,100.0,100.0
203,48.0,100.0,JDK2-2-2,14123.0,avrora,100.0,100.0
204,35.0,100.0,JDK2-2-2,15381.0,avrora,100.0,100.0
205,35.0,100.0,JDK2-2-2,15381.0,avrora,100.0,100.0
206,93.0,100.0,JDK2-2-2,17524.0,avrora,100.0,100.0
207,93.0,100.0,JDK2-2-2,17524.0,avrora,100.0,100.0
208,164.0,100.0,JDK2-2-2,18169.0,avrora,100.0,100.0
209,164.0,100.0,JDK2-2-2,18169.0,avrora,100.0,100.0
210,30.0,100.0,JDK2-2-2,18859.0,avrora,100.0,100.0
211,30.0,100.0,JDK2-2-2,18859.0,avrora,100.0,100.0
212,144.0,100.0,JDK2-2-2,20172.0,avrora,100.0,100.0
213,144.0,100.0,JDK2-2-2,20172.0,avrora,100.0,100.0
214,68.0,100.0,JDK2-2-2,20870.0,avrora,100.0,100.0
215,68.0,100.0,JDK2-2-2,20870.0,avrora,100.0,100.0
216,124.0,100.0,JDK2-2-2,21513.0,avrora,100.0,100.0
217,124.0,100.0,JDK2-2-2,21513.0,avrora,100.0,100.0
218,148.0,100.0,JDK2-2-2,22809.0,avrora,100.0,100.0
219,148.0,100.0,JDK2-2-2,22809.0,avrora,100.0,100.0
220,0.0,100.0,JDK2-2-2,0.0,avrora,100.0,100.0
221,0.0,100.0,JDK2-2-2,0.0,avrora,100.0,100.0
222,43.0,100.0,JDK2-2-2,15667.0,avrora,100.0,100.0
223,43.0,100.0,JDK2-2-2,15667.0,avrora,100.0,100.0
224,39.0,100.0,JDK2-2-2,16775.0,avrora,100.0,100.0
225,39.0,100.0,JDK2-2-2,16775.0,avrora,100.0,100.0
226,39.0,100.0,JDK2-2-2,18792.0,avrora,100.0,100.0
227,39.0,100.0,JDK2-2-2,18792.0,avrora,100.0,100.0
228,90.0,100.0,JDK2-2-2,19423.0,avrora,100.0,100.0
229,90.0,100.0,JDK2-2-2,19423.0,avrora,100.0,100.0
230,41.0,100.0,JDK2-2-2,20073.0,avrora,100.0,100.0
231,41.0,100.0,JDK2-2-2,20073.0,avrora,100.0,100.0
232,96.0,100.0,JDK2-2-2,21366.0,avrora,100.0,100.0
233,96.0,100.0,JDK2-2-2,21366.0,avrora,100.0,100.0
234,53.0,100.0,JDK2-2-2,21976.0,avrora,100.0,100.0
235,53.0,100.0,JDK2-2-2,21976.0,avrora,100.0,100.0
236,85.0,100.0,JDK2-2-2,22597.0,avrora,100.0,100.0
237,85.0,100.0,JDK2-2-2,22597.0,avrora,100.0,100.0
238,87.0,100.0,JDK2-2-2,23889.0,avrora,100.0,100.0
239,87.0,100.0,JDK2-2-2,23889.0,avrora,100.0,100.0
240,0.0,100.0,JDK2-2-2,0.0,avrora,100.0,100.0
241,0.0,100.0,JDK2-2-2,0.0,avrora,100.0,100.0
242,48.0,100.0,JDK2-2-2,15125.0,avrora,100.0,100.0
243,48.0,100.0,JDK2-2-2,15125.0,avrora,100.0,100.0
244,105.0,100.0,JDK2-2-2,16180.0,avrora,100.0,100.0
245,105.0,100.0,JDK2-2-2,16180.0,avrora,100.0,100.0
246,136.0,100.0,JDK2-2-2,18187.0,avrora,100.0,100.0
247,136.0,100.0,JDK2-2-2,18187.0,avrora,100.0,100.0
248,55.0,100.0,JDK2-2-2,18824.0,avrora,100.0,100.0
249,55.0,100.0,JDK2-2-2,18824.0,avrora,100.0,100.0
250,13.0,100.0,JDK2-2-2,19446.0,avrora,100.0,100.0
251,13.0,100.0,JDK2-2-2,19446.0,avrora,100.0,100.0
252,44.0,100.0,JDK2-2-2,20714.0,avrora,100.0,100.0
253,44.0,100.0,JDK2-2-2,20714.0,avrora,100.0,100.0
254,76.0,100.0,JDK2-2-2,21306.0,avrora,100.0,100.0
255,76.0,100.0,JDK2-2-2,21306.0,avrora,100.0,100.0
256,117.0,100.0,JDK2-2-2,21929.0,avrora,100.0,100.0
257,117.0,100.0,JDK2-2-2,21929.0,avrora,100.0,100.0
258,50.0,100.0,JDK2-2-2,23153.0,avrora,100.0,100.0
259,50.0,100.0,JDK2-2-2,23153.0,avrora,100.0,100.0
260,0.0,100.0,JDK2-2-2,0.0,avrora,100.0,100.0
261,0.0,100.0,JDK2-2-2,0.0,avrora,100.0,100.0
262,64.0,100.0,JDK2-2-2,25750.0,avrora,100.0,100.0
263,64.0,100.0,JDK2-2-2,25750.0,avrora,100.0,100.0
264,32.0,100.0,JDK2-2-2,27053.0,avrora,100.0,100.0
265,32.0,100.0,JDK2-2-2,27053.0,avrora,100.0,100.0
266,44.0,100.0,JDK2-2-2,29050.0,avrora,100.0,100.0
267,44.0,100.0,JDK2-2-2,29050.0,avrora,100.0,100.0
268,90.0,100.0,JDK2-2-2,29701.0,avrora,100.0,100.0
269,90.0,100.0,JDK2-2-2,29701.0,avrora,100.0,100.0
270,23.0,100.0,JDK2-2-2,30318.0,avrora,100.0,100.0
271,23.0,100.0,JDK2-2-2,30318.0,avrora,100.0,100.0
272,108.0,100.0,JDK2-2-2,31597.0,avrora,100.0,100.0
273,108.0,100.0,JDK2-2-2,31597.0,avrora,100.0,100.0
274,61.0,100.0,JDK2-2-2,32191.0,avrora,100.0,100.0
275,61.0,100.0,JDK2-2-2,32191.0,avrora,100.0,100.0
276,110.0,100.0,JDK2-2-2,32790.0,avrora,100.0,100.0
277,110.0,100.0,JDK2-2-2,32790.0,avrora,100.0,100.0
278,117.0,100.0,JDK2-2-2,34024.0,avrora,100.0,100.0
279,117.0,100.0,JDK2-2-2,34024.0,avrora,100.0,100.0
280,0.0,100.0,JDK2-2-2,0.0,avrora,100.0,100.0
281,0.0,100.0,JDK2-2-2,0.0,avrora,100.0,100.0
282,45.0,100.0,JDK2-2-2,21275.0,avrora,100.0,100.0
283,45.0,100.0,JDK2-2-2,21275.0,avrora,100.0,100.0
284,35.0,100.0,JDK2-2-2,22551.0,avrora,100.0,100.0
285,35.0,100.0,JDK2-2-2,22551.0,avrora,100.0,100.0
286,39.0,100.0,JDK2-2-2,24794.0,avrora,100.0,100.0
287,39.0,100.0,JDK2-2-2,24794.0,avrora,100.0,100.0
288,91.0,100.0,JDK2-2-2,25508.0,avrora,100.0,100.0
289,91.0,100.0,JDK2-2-2,25508.0,avrora,100.0,100.0
290,28.0,100.0,JDK2-2-2,26199.0,avrora,100.0,100.0
291,28.0,100.0,JDK2-2-2,26199.0,avrora,100.0,100.0
292,107.0,100.0,JDK2-2-2,27633.0,avrora,100.0,100.0
293,107.0,100.0,JDK2-2-2,27633.0,avrora,100.0,100.0
294,110.0,100.0,JDK2-2-2,28366.0,avrora,100.0,100.0
295,110.0,100.0,JDK2-2-2,28366.0,avrora,100.0,100.0
296,117.0,100.0,JDK2-2-2,29047.0,avrora,100.0,100.0
297,117.0,100.0,JDK2-2-2,29047.0,avrora,100.0,100.0
298,36.0,100.0,JDK2-2-2,30477.0,avrora,100.0,100.0
299,36.0,100.0,JDK2-2-2,30477.0,avrora,100.0,100.0
300,56.0,100.0,JDK2-2-2,30790.0,avrora,100.0,100.0
301,56.0,100.0,JDK2-2-2,30790.0,avrora,100.0,100.0
302,0.0,0.0,JDK2-2-2,0.0,avrora,100.0,100.0
303,0.0,100.0,JDK2-2-2,0.0,avrora,100.0,100.0
304,0.0,100.0,JDK2-2-2,0.0,avrora,100.0,100.0
305,46.0,100.0,JDK2-2-2,14491.0,avrora,100.0,100.0
306,46.0,100.0,JDK2-2-2,14491.0,avrora,100.0,100.0
307,40.0,100.0,JDK2-2-2,15696.0,avrora,100.0,100.0
308,40.0,100.0,JDK2-2-2,15696.0,avrora,100.0,100.0
309,40.0,100.0,JDK2-2-2,17931.0,avrora,100.0,100.0
310,40.0,100.0,JDK2-2-2,17931.0,avrora,100.0,100.0
311,88.0,100.0,JDK2-2-2,18612.0,avrora,100.0,100.0
312,88.0,100.0,JDK2-2-2,18612.0,avrora,100.0,100.0
313,27.0,100.0,JDK2-2-2,19260.0,avrora,100.0,100.0
314,27.0,100.0,JDK2-2-2,19260.0,avrora,100.0,100.0
315,107.0,100.0,JDK2-2-2,20542.0,avrora,100.0,100.0
316,107.0,100.0,JDK2-2-2,20542.0,avrora,100.0,100.0
317,46.0,100.0,JDK2-2-2,21189.0,avrora,100.0,100.0
318,46.0,100.0,JDK2-2-2,21189.0,avrora,100.0,100.0
319,100.0,100.0,JDK2-2-2,21826.0,avrora,100.0,100.0
320,100.0,100.0,JDK2-2-2,21826.0,avrora,100.0,100.0
321,102.0,100.0,JDK2-2-2,23120.0,avrora,100.0,100.0
322,102.0,100.0,JDK2-2-2,23120.0,avrora,100.0,100.0
0,0.0,100.0,JDK5-6-7,0.0,avrora,100.0,100.0
1,0.0,100.0,JDK5-6-7,0.0,avrora,100.0,100.0
2,0.0,100.0,JDK5-6-7,798.0,avrora,100.0,100.0
3,0.0,100.0,JDK5-6-7,798.0,avrora,100.0,100.0
4,26.0,100.0,JDK5-6-7,1962.0,avrora,100.0,100.0
5,26.0,100.0,JDK5-6-7,1962.0,avrora,100.0,100.0
6,43.0,100.0,JDK5-6-7,4245.0,avrora,100.0,100.0
7,43.0,100.0,JDK5-6-7,4245.0,avrora,100.0,100.0
8,137.0,100.0,JDK5-6-7,4958.0,avrora,100.0,100.0
9,137.0,100.0,JDK5-6-7,4958.0,avrora,100.0,100.0
10,31.0,100.0,JDK5-6-7,5651.0,avrora,100.0,100.0
11,31.0,100.0,JDK5-6-7,5651.0,avrora,100.0,100.0
12,123.0,100.0,JDK5-6-7,7006.0,avrora,100.0,100.0
13,123.0,100.0,JDK5-6-7,7006.0,avrora,100.0,100.0
14,80.0,100.0,JDK5-6-7,7717.0,avrora,100.0,100.0
15,80.0,100.0,JDK5-6-7,7717.0,avrora,100.0,100.0
16,110.0,100.0,JDK5-6-7,8392.0,avrora,100.0,100.0
17,110.0,100.0,JDK5-6-7,8392.0,avrora,100.0,100.0
18,103.0,100.0,JDK5-6-7,9704.0,avrora,100.0,100.0
19,103.0,100.0,JDK5-6-7,9704.0,avrora,100.0,100.0
20,0.0,100.0,JDK5-6-7,0.0,avrora,100.0,100.0
21,0.0,100.0,JDK5-6-7,0.0,avrora,100.0,100.0
22,44.0,100.0,JDK5-6-7,808.0,avrora,100.0,100.0
23,44.0,100.0,JDK5-6-7,808.0,avrora,100.0,100.0
24,28.0,100.0,JDK5-6-7,1938.0,avrora,100.0,100.0
25,28.0,100.0,JDK5-6-7,1938.0,avrora,100.0,100.0
26,35.0,100.0,JDK5-6-7,4221.0,avrora,100.0,100.0
27,35.0,100.0,JDK5-6-7,4221.0,avrora,100.0,100.0
28,83.0,100.0,JDK5-6-7,4959.0,avrora,100.0,100.0
29,83.0,100.0,JDK5-6-7,4959.0,avrora,100.0,100.0
30,32.0,100.0,JDK5-6-7,5618.0,avrora,100.0,100.0
31,32.0,100.0,JDK5-6-7,5618.0,avrora,100.0,100.0
32,78.0,100.0,JDK5-6-7,6924.0,avrora,100.0,100.0
33,78.0,100.0,JDK5-6-7,6924.0,avrora,100.0,100.0
34,52.0,100.0,JDK5-6-7,7551.0,avrora,100.0,100.0
35,52.0,100.0,JDK5-6-7,7551.0,avrora,100.0,100.0
36,80.0,100.0,JDK5-6-7,8173.0,avrora,100.0,100.0
37,80.0,100.0,JDK5-6-7,8173.0,avrora,100.0,100.0
38,74.0,100.0,JDK5-6-7,9394.0,avrora,100.0,100.0
39,74.0,100.0,JDK5-6-7,9394.0,avrora,100.0,100.0
40,0.0,100.0,JDK5-6-7,0.0,avrora,100.0,100.0
41,0.0,100.0,JDK5-6-7,0.0,avrora,100.0,100.0
42,0.0,100.0,JDK5-6-7,828.0,avrora,100.0,100.0
43,0.0,100.0,JDK5-6-7,828.0,avrora,100.0,100.0
44,24.0,100.0,JDK5-6-7,1938.0,avrora,100.0,100.0
45,24.0,100.0,JDK5-6-7,1938.0,avrora,100.0,100.0
46,30.0,100.0,JDK5-6-7,4112.0,avrora,100.0,100.0
47,30.0,100.0,JDK5-6-7,4112.0,avrora,100.0,100.0
48,3.0,100.0,JDK5-6-7,4784.0,avrora,100.0,100.0
49,3.0,100.0,JDK5-6-7,4784.0,avrora,100.0,100.0
50,21.0,100.0,JDK5-6-7,5465.0,avrora,100.0,100.0
51,21.0,100.0,JDK5-6-7,5465.0,avrora,100.0,100.0
52,64.0,100.0,JDK5-6-7,6814.0,avrora,100.0,100.0
53,64.0,100.0,JDK5-6-7,6814.0,avrora,100.0,100.0
54,40.0,100.0,JDK5-6-7,7462.0,avrora,100.0,100.0
55,40.0,100.0,JDK5-6-7,7462.0,avrora,100.0,100.0
56,63.0,100.0,JDK5-6-7,8082.0,avrora,100.0,100.0
57,63.0,100.0,JDK5-6-7,8082.0,avrora,100.0,100.0
58,67.0,100.0,JDK5-6-7,9380.0,avrora,100.0,100.0
59,67.0,100.0,JDK5-6-7,9380.0,avrora,100.0,100.0
60,0.0,100.0,JDK5-6-7,0.0,avrora,100.0,100.0
61,0.0,100.0,JDK5-6-7,0.0,avrora,100.0,100.0
62,47.0,100.0,JDK5-6-7,804.0,avrora,100.0,100.0
63,47.0,100.0,JDK5-6-7,804.0,avrora,100.0,100.0
64,33.0,100.0,JDK5-6-7,1946.0,avrora,100.0,100.0
65,33.0,100.0,JDK5-6-7,1946.0,avrora,100.0,100.0
66,32.0,100.0,JDK5-6-7,4258.0,avrora,100.0,100.0
67,32.0,100.0,JDK5-6-7,4258.0,avrora,100.0,100.0
68,88.0,100.0,JDK5-6-7,4980.0,avrora,100.0,100.0
69,88.0,100.0,JDK5-6-7,4980.0,avrora,100.0,100.0
70,29.0,100.0,JDK5-6-7,5644.0,avrora,100.0,100.0
71,29.0,100.0,JDK5-6-7,5644.0,avrora,100.0,100.0
72,99.0,100.0,JDK5-6-7,6985.0,avrora,100.0,100.0
73,99.0,100.0,JDK5-6-7,6985.0,avrora,100.0,100.0
74,62.0,100.0,JDK5-6-7,7665.0,avrora,100.0,100.0
75,62.0,100.0,JDK5-6-7,7665.0,avrora,100.0,100.0
76,90.0,100.0,JDK5-6-7,8327.0,avrora,100.0,100.0
77,90.0,100.0,JDK5-6-7,8327.0,avrora,100.0,100.0
78,0.0,100.0,JDK5-6-7,0.0,avrora,100.0,100.0
79,0.0,100.0,JDK5-6-7,0.0,avrora,100.0,100.0
80,48.0,100.0,JDK5-6-7,793.0,avrora,100.0,100.0
81,48.0,100.0,JDK5-6-7,793.0,avrora,100.0,100.0
82,29.0,100.0,JDK5-6-7,1962.0,avrora,100.0,100.0
83,29.0,100.0,JDK5-6-7,1962.0,avrora,100.0,100.0
84,38.0,100.0,JDK5-6-7,4171.0,avrora,100.0,100.0
85,38.0,100.0,JDK5-6-7,4171.0,avrora,100.0,100.0
86,91.0,100.0,JDK5-6-7,4862.0,avrora,100.0,100.0
87,91.0,100.0,JDK5-6-7,4862.0,avrora,100.0,100.0
88,30.0,100.0,JDK5-6-7,5520.0,avrora,100.0,100.0
89,30.0,100.0,JDK5-6-7,5520.0,avrora,100.0,100.0
90,100.0,100.0,JDK5-6-7,6812.0,avrora,100.0,100.0
91,100.0,100.0,JDK5-6-7,6812.0,avrora,100.0,100.0
92,54.0,100.0,JDK5-6-7,7413.0,avrora,100.0,100.0
93,54.0,100.0,JDK5-6-7,7413.0,avrora,100.0,100.0
94,84.0,100.0,JDK5-6-7,8072.0,avrora,100.0,100.0
95,84.0,100.0,JDK5-6-7,8072.0,avrora,100.0,100.0
96,87.0,100.0,JDK5-6-7,9362.0,avrora,100.0,100.0
97,87.0,100.0,JDK5-6-7,9362.0,avrora,100.0,100.0
98,0.0,100.0,JDK5-6-7,0.0,avrora,100.0,100.0
99,0.0,100.0,JDK5-6-7,0.0,avrora,100.0,100.0
100,0.0,100.0,JDK5-6-7,805.0,avrora,100.0,100.0
101,0.0,100.0,JDK5-6-7,805.0,avrora,100.0,100.0
102,33.0,100.0,JDK5-6-7,1913.0,avrora,100.0,100.0
103,33.0,100.0,JDK5-6-7,1913.0,avrora,100.0,100.0
104,39.0,100.0,JDK5-6-7,4177.0,avrora,100.0,100.0
105,39.0,100.0,JDK5-6-7,4177.0,avrora,100.0,100.0
106,95.0,100.0,JDK5-6-7,4885.0,avrora,100.0,100.0
107,95.0,100.0,JDK5-6-7,4885.0,avrora,100.0,100.0
108,27.0,100.0,JDK5-6-7,5540.0,avrora,100.0,100.0
109,27.0,100.0,JDK5-6-7,5540.0,avrora,100.0,100.0
110,98.0,100.0,JDK5-6-7,6918.0,avrora,100.0,100.0
111,98.0,100.0,JDK5-6-7,6918.0,avrora,100.0,100.0
112,54.0,100.0,JDK5-6-7,7615.0,avrora,100.0,100.0
113,54.0,100.0,JDK5-6-7,7615.0,avrora,100.0,100.0
114,97.0,100.0,JDK5-6-7,8307.0,avrora,100.0,100.0
115,97.0,100.0,JDK5-6-7,8307.0,avrora,100.0,100.0
116,0.0,100.0,JDK5-6-7,0.0,avrora,100.0,100.0
117,0.0,100.0,JDK5-6-7,0.0,avrora,100.0,100.0
118,49.0,100.0,JDK5-6-7,796.0,avrora,100.0,100.0
119,49.0,100.0,JDK5-6-7,796.0,avrora,100.0,100.0
120,38.0,100.0,JDK5-6-7,1965.0,avrora,100.0,100.0
121,38.0,100.0,JDK5-6-7,1965.0,avrora,100.0,100.0
122,47.0,100.0,JDK5-6-7,4105.0,avrora,100.0,100.0
123,47.0,100.0,JDK5-6-7,4105.0,avrora,100.0,100.0
124,160.0,100.0,JDK5-6-7,4781.0,avrora,100.0,100.0
125,160.0,100.0,JDK5-6-7,4781.0,avrora,100.0,100.0
126,37.0,100.0,JDK5-6-7,5442.0,avrora,100.0,100.0
127,37.0,100.0,JDK5-6-7,5442.0,avrora,100.0,100.0
128,125.0,100.0,JDK5-6-7,6760.0,avrora,100.0,100.0
129,125.0,100.0,JDK5-6-7,6760.0,avrora,100.0,100.0
130,79.0,100.0,JDK5-6-7,7394.0,avrora,100.0,100.0
131,79.0,100.0,JDK5-6-7,7394.0,avrora,100.0,100.0
132,125.0,100.0,JDK5-6-7,8015.0,avrora,100.0,100.0
133,125.0,100.0,JDK5-6-7,8015.0,avrora,100.0,100.0
134,0.0,100.0,JDK5-6-7,0.0,avrora,100.0,100.0
135,0.0,100.0,JDK5-6-7,0.0,avrora,100.0,100.0
136,41.0,100.0,JDK5-6-7,820.0,avrora,100.0,100.0
137,41.0,100.0,JDK5-6-7,820.0,avrora,100.0,100.0
138,35.0,100.0,JDK5-6-7,2006.0,avrora,100.0,100.0
139,35.0,100.0,JDK5-6-7,2006.0,avrora,100.0,100.0
140,34.0,100.0,JDK5-6-7,4170.0,avrora,100.0,100.0
141,34.0,100.0,JDK5-6-7,4170.0,avrora,100.0,100.0
142,136.0,100.0,JDK5-6-7,4861.0,avrora,100.0,100.0
143,136.0,100.0,JDK5-6-7,4861.0,avrora,100.0,100.0
144,34.0,100.0,JDK5-6-7,5507.0,avrora,100.0,100.0
145,34.0,100.0,JDK5-6-7,5507.0,avrora,100.0,100.0
146,102.0,100.0,JDK5-6-7,6836.0,avrora,100.0,100.0
147,102.0,100.0,JDK5-6-7,6836.0,avrora,100.0,100.0
148,67.0,100.0,JDK5-6-7,7486.0,avrora,100.0,100.0
149,67.0,100.0,JDK5-6-7,7486.0,avrora,100.0,100.0
150,98.0,100.0,JDK5-6-7,8163.0,avrora,100.0,100.0
151,98.0,100.0,JDK5-6-7,8163.0,avrora,100.0,100.0
152,115.0,100.0,JDK5-6-7,9426.0,avrora,100.0,100.0
153,115.0,100.0,JDK5-6-7,9426.0,avrora,100.0,100.0
154,0.0,100.0,JDK5-6-7,0.0,avrora,100.0,100.0
155,0.0,100.0,JDK5-6-7,0.0,avrora,100.0,100.0
156,64.0,100.0,JDK5-6-7,802.0,avrora,100.0,100.0
157,64.0,100.0,JDK5-6-7,802.0,avrora,100.0,100.0
158,39.0,100.0,JDK5-6-7,1977.0,avrora,100.0,100.0
159,39.0,100.0,JDK5-6-7,1977.0,avrora,100.0,100.0
160,41.0,100.0,JDK5-6-7,4249.0,avrora,100.0,100.0
161,41.0,100.0,JDK5-6-7,4249.0,avrora,100.0,100.0
162,156.0,100.0,JDK5-6-7,4950.0,avrora,100.0,100.0
163,156.0,100.0,JDK5-6-7,4950.0,avrora,100.0,100.0
164,39.0,100.0,JDK5-6-7,5624.0,avrora,100.0,100.0
165,39.0,100.0,JDK5-6-7,5624.0,avrora,100.0,100.0
166,138.0,100.0,JDK5-6-7,6962.0,avrora,100.0,100.0
167,138.0,100.0,JDK5-6-7,6962.0,avrora,100.0,100.0
168,107.0,100.0,JDK5-6-7,7639.0,avrora,100.0,100.0
169,107.0,100.0,JDK5-6-7,7639.0,avrora,100.0,100.0
170,0.0,100.0,JDK5-6-7,8306.0,avrora,100.0,100.0
171,0.0,100.0,JDK5-6-7,8306.0,avrora,100.0,100.0
172,124.0,100.0,JDK5-6-7,9579.0,avrora,100.0,100.0
173,124.0,100.0,JDK5-6-7,9579.0,avrora,100.0,100.0
174,0.0,100.0,JDK5-6-7,0.0,avrora,100.0,100.0
175,0.0,100.0,JDK5-6-7,0.0,avrora,100.0,100.0
176,103.0,100.0,JDK5-6-7,848.0,avrora,100.0,100.0
177,103.0,100.0,JDK5-6-7,848.0,avrora,100.0,100.0
178,48.0,100.0,JDK5-6-7,2065.0,avrora,100.0,100.0
179,48.0,100.0,JDK5-6-7,2065.0,avrora,100.0,100.0
180,43.0,100.0,JDK5-6-7,4284.0,avrora,100.0,100.0
181,43.0,100.0,JDK5-6-7,4284.0,avrora,100.0,100.0
182,151.0,100.0,JDK5-6-7,4987.0,avrora,100.0,100.0
183,151.0,100.0,JDK5-6-7,4987.0,avrora,100.0,100.0
184,46.0,100.0,JDK5-6-7,5696.0,avrora,100.0,100.0
185,46.0,100.0,JDK5-6-7,5696.0,avrora,100.0,100.0
186,89.0,100.0,JDK5-6-7,6984.0,avrora,100.0,100.0
187,89.0,100.0,JDK5-6-7,6984.0,avrora,100.0,100.0
188,51.0,100.0,JDK5-6-7,7611.0,avrora,100.0,100.0
189,51.0,100.0,JDK5-6-7,7611.0,avrora,100.0,100.0
190,80.0,100.0,JDK5-6-7,8210.0,avrora,100.0,100.0
191,80.0,100.0,JDK5-6-7,8210.0,avrora,100.0,100.0
192,0.0,100.0,JDK5-6-7,0.0,avrora,100.0,100.0
193,0.0,100.0,JDK5-6-7,0.0,avrora,100.0,100.0
194,45.0,100.0,JDK5-6-7,809.0,avrora,100.0,100.0
195,45.0,100.0,JDK5-6-7,809.0,avrora,100.0,100.0
196,29.0,100.0,JDK5-6-7,1948.0,avrora,100.0,100.0
197,29.0,100.0,JDK5-6-7,1948.0,avrora,100.0,100.0
198,33.0,100.0,JDK5-6-7,4352.0,avrora,100.0,100.0
199,33.0,100.0,JDK5-6-7,4352.0,avrora,100.0,100.0
200,93.0,100.0,JDK5-6-7,5080.0,avrora,100.0,100.0
201,93.0,100.0,JDK5-6-7,5080.0,avrora,100.0,100.0
202,38.0,100.0,JDK5-6-7,5760.0,avrora,100.0,100.0
203,38.0,100.0,JDK5-6-7,5760.0,avrora,100.0,100.0
204,108.0,100.0,JDK5-6-7,7128.0,avrora,100.0,100.0
205,108.0,100.0,JDK5-6-7,7128.0,avrora,100.0,100.0
206,26.0,100.0,JDK5-6-7,7820.0,avrora,100.0,100.0
207,26.0,100.0,JDK5-6-7,7820.0,avrora,100.0,100.0
208,105.0,100.0,JDK5-6-7,8518.0,avrora,100.0,100.0
209,105.0,100.0,JDK5-6-7,8518.0,avrora,100.0,100.0
210,0.0,0.0,JDK5-6-7,0.0,avrora,100.0,100.0
211,0.0,100.0,JDK5-6-7,0.0,avrora,100.0,100.0
212,0.0,100.0,JDK5-6-7,0.0,avrora,100.0,100.0
213,48.0,100.0,JDK5-6-7,823.0,avrora,100.0,100.0
214,48.0,100.0,JDK5-6-7,823.0,avrora,100.0,100.0
215,42.0,100.0,JDK5-6-7,1989.0,avrora,100.0,100.0
216,42.0,100.0,JDK5-6-7,1989.0,avrora,100.0,100.0
217,41.0,100.0,JDK5-6-7,4190.0,avrora,100.0,100.0
218,41.0,100.0,JDK5-6-7,4190.0,avrora,100.0,100.0
219,149.0,100.0,JDK5-6-7,4909.0,avrora,100.0,100.0
220,149.0,100.0,JDK5-6-7,4909.0,avrora,100.0,100.0
221,28.0,100.0,JDK5-6-7,5611.0,avrora,100.0,100.0
222,28.0,100.0,JDK5-6-7,5611.0,avrora,100.0,100.0
223,107.0,100.0,JDK5-6-7,6991.0,avrora,100.0,100.0
224,107.0,100.0,JDK5-6-7,6991.0,avrora,100.0,100.0
225,75.0,100.0,JDK5-6-7,7658.0,avrora,100.0,100.0
226,75.0,100.0,JDK5-6-7,7658.0,avrora,100.0,100.0
227,107.0,100.0,JDK5-6-7,8301.0,avrora,100.0,100.0
228,107.0,100.0,JDK5-6-7,8301.0,avrora,100.0,100.0
229,0.0,100.0,JDK5-6-7,0.0,avrora,100.0,100.0
230,0.0,100.0,JDK5-6-7,0.0,avrora,100.0,100.0
231,61.0,100.0,JDK5-6-7,541.0,avrora,100.0,100.0
232,61.0,100.0,JDK5-6-7,541.0,avrora,100.0,100.0
233,40.0,100.0,JDK5-6-7,1728.0,avrora,100.0,100.0
234,40.0,100.0,JDK5-6-7,1728.0,avrora,100.0,100.0
235,144.0,100.0,JDK5-6-7,3902.0,avrora,100.0,100.0
236,144.0,100.0,JDK5-6-7,3902.0,avrora,100.0,100.0
237,159.0,100.0,JDK5-6-7,4592.0,avrora,100.0,100.0
238,159.0,100.0,JDK5-6-7,4592.0,avrora,100.0,100.0
239,39.0,100.0,JDK5-6-7,5255.0,avrora,100.0,100.0
240,39.0,100.0,JDK5-6-7,5255.0,avrora,100.0,100.0
241,106.0,100.0,JDK5-6-7,6574.0,avrora,100.0,100.0
242,106.0,100.0,JDK5-6-7,6574.0,avrora,100.0,100.0
243,77.0,100.0,JDK5-6-7,7243.0,avrora,100.0,100.0
244,77.0,100.0,JDK5-6-7,7243.0,avrora,100.0,100.0
245,102.0,100.0,JDK5-6-7,7906.0,avrora,100.0,100.0
246,102.0,100.0,JDK5-6-7,7906.0,avrora,100.0,100.0
247,0.0,100.0,JDK5-6-7,0.0,avrora,100.0,100.0
248,0.0,100.0,JDK5-6-7,0.0,avrora,100.0,100.0
249,83.0,100.0,JDK5-6-7,812.0,avrora,100.0,100.0
250,83.0,100.0,JDK5-6-7,812.0,avrora,100.0,100.0
251,48.0,100.0,JDK5-6-7,2003.0,avrora,100.0,100.0
252,48.0,100.0,JDK5-6-7,2003.0,avrora,100.0,100.0
253,44.0,100.0,JDK5-6-7,4185.0,avrora,100.0,100.0
254,44.0,100.0,JDK5-6-7,4185.0,avrora,100.0,100.0
255,160.0,100.0,JDK5-6-7,4882.0,avrora,100.0,100.0
256,160.0,100.0,JDK5-6-7,4882.0,avrora,100.0,100.0
257,36.0,100.0,JDK5-6-7,5515.0,avrora,100.0,100.0
258,36.0,100.0,JDK5-6-7,5515.0,avrora,100.0,100.0
259,119.0,100.0,JDK5-6-7,6839.0,avrora,100.0,100.0
260,119.0,100.0,JDK5-6-7,6839.0,avrora,100.0,100.0
261,46.0,100.0,JDK5-6-7,7475.0,avrora,100.0,100.0
262,46.0,100.0,JDK5-6-7,7475.0,avrora,100.0,100.0
263,112.0,100.0,JDK5-6-7,8060.0,avrora,100.0,100.0
264,112.0,100.0,JDK5-6-7,8060.0,avrora,100.0,100.0
265,129.0,100.0,JDK5-6-7,9292.0,avrora,100.0,100.0
266,129.0,100.0,JDK5-6-7,9292.0,avrora,100.0,100.0
267,0.0,100.0,JDK5-6-7,0.0,avrora,100.0,100.0
268,0.0,100.0,JDK5-6-7,0.0,avrora,100.0,100.0
269,51.0,100.0,JDK5-6-7,831.0,avrora,100.0,100.0
270,51.0,100.0,JDK5-6-7,831.0,avrora,100.0,100.0
271,33.0,100.0,JDK5-6-7,1990.0,avrora,100.0,100.0
272,33.0,100.0,JDK5-6-7,1990.0,avrora,100.0,100.0
273,34.0,100.0,JDK5-6-7,4191.0,avrora,100.0,100.0
274,34.0,100.0,JDK5-6-7,4191.0,avrora,100.0,100.0
275,127.0,100.0,JDK5-6-7,4880.0,avrora,100.0,100.0
276,127.0,100.0,JDK5-6-7,4880.0,avrora,100.0,100.0
277,34.0,100.0,JDK5-6-7,5575.0,avrora,100.0,100.0
278,34.0,100.0,JDK5-6-7,5575.0,avrora,100.0,100.0
279,124.0,100.0,JDK5-6-7,6930.0,avrora,100.0,100.0
280,124.0,100.0,JDK5-6-7,6930.0,avrora,100.0,100.0
281,49.0,100.0,JDK5-6-7,7580.0,avrora,100.0,100.0
282,49.0,100.0,JDK5-6-7,7580.0,avrora,100.0,100.0
283,99.0,100.0,JDK5-6-7,8582.0,avrora,100.0,100.0
284,99.0,100.0,JDK5-6-7,8582.0,avrora,100.0,100.0
285,0.0,100.0,JDK5-6-7,0.0,avrora,100.0,100.0
286,0.0,100.0,JDK5-6-7,0.0,avrora,100.0,100.0
287,53.0,100.0,JDK5-6-7,817.0,avrora,100.0,100.0
288,53.0,100.0,JDK5-6-7,817.0,avrora,100.0,100.0
289,39.0,100.0,JDK5-6-7,1992.0,avrora,100.0,100.0
290,39.0,100.0,JDK5-6-7,1992.0,avrora,100.0,100.0
291,48.0,100.0,JDK5-6-7,4246.0,avrora,100.0,100.0
292,48.0,100.0,JDK5-6-7,4246.0,avrora,100.0,100.0
293,153.0,100.0,JDK5-6-7,4928.0,avrora,100.0,100.0
294,153.0,100.0,JDK5-6-7,4928.0,avrora,100.0,100.0
295,31.0,100.0,JDK5-6-7,5636.0,avrora,100.0,100.0
296,31.0,100.0,JDK5-6-7,5636.0,avrora,100.0,100.0
297,134.0,100.0,JDK5-6-7,6995.0,avrora,100.0,100.0
298,134.0,100.0,JDK5-6-7,6995.0,avrora,100.0,100.0
299,75.0,100.0,JDK5-6-7,7682.0,avrora,100.0,100.0
300,75.0,100.0,JDK5-6-7,7682.0,avrora,100.0,100.0
301,123.0,100.0,JDK5-6-7,8314.0,avrora,100.0,100.0
302,123.0,100.0,JDK5-6-7,8314.0,avrora,100.0,100.0
303,146.0,100.0,JDK5-6-7,9672.0,avrora,100.0,100.0
304,146.0,100.0,JDK5-6-7,9672.0,avrora,100.0,100.0
